Car 0 0 -10 0.0 472.48 201.56 886.0 1.68 1.98 4.76 -7.33 2.4 -5.73 -1.57 3
Pedestrian 0 0 -10 615.8 272.62 1016.65 886.0 1.66 0.91 0.96 4.78 1.83 0.7 -1.55 4
Pedestrian 0 0 -10 1176.94 646.3 1229.1 734.42 1.76 1.0 1.14 4.99 1.68 42.35 -1.5 0
Car 0 0 -10 919.11 670.66 1004.7 743.0 1.62 1.92 4.49 0.13 2.11 49.44 -1.56 0
Car 0 0 -10 732.77 667.13 839.12 748.76 1.77 2.02 4.51 -3.89 2.16 47.98 -1.57 0
Car 0 0 -10 224.69 705.92 617.26 965.74 1.69 1.94 4.27 -4.02 2.17 16.57 -1.58 0
Car 0 0 -10 673.04 675.48 756.16 730.05 1.52 1.88 4.25 -7.09 2.26 61.26 -1.57 0
Pedestrian 0 0 -10 1294.03 704.66 1359.16 786.2 1.09 0.76 1.02 5.13 1.85 28.86 -1.53 0
Car 0 0 -10 815.72 677.47 989.53 839.65 1.91 2.04 4.31 -0.63 2.28 27.11 -1.56 0
Pedestrian 0 0 -10 1192.99 696.54 1235.06 751.23 1.0 0.66 0.88 4.82 1.87 39.11 -1.6 0
