Car 0 0 -10 975.93 122.46 1131.19 183.29 1.82 1.96 4.64 66.64 -0.85 -1.47 -1.2 4
Car 0 0 -10 894.64 756.04 1686.99 1158.25 1.68 1.98 4.76 -7.44 2.39 9.8 -1.57 1
Pedestrian 0 0 -10 0 0 0 0 1.66 0.91 0.96 4.07 1.4 -55.31 -1.48 0
Pedestrian 0 0 -10 0 0 0 0 1.76 1.0 1.14 4.74 1.76 -11.3 -0.45 0
Car 0 0 -10 349.19 120.06 631.3 225.19 1.71 1.84 4.55 35.76 0.37 9.18 -1.22 4
Car 0 0 -10 926.57 680.07 1004.6 746.68 1.62 1.92 4.49 0.22 2.4 54.03 -1.57 0
Car 0 0 -10 753.62 674.49 853.78 751.54 1.77 2.02 4.51 -3.7 2.36 50.84 -1.56 0
Car 0 0 -10 362.65 705.51 655.08 900.25 1.69 1.94 4.27 -4.41 2.29 21.31 -1.56 0
Car 0 0 -10 712.83 678.84 784.04 726.7 1.52 1.88 4.25 -6.95 2.48 69.76 -1.57 0
Pedestrian 0 0 -10 0 0 0 0 1.09 0.76 1.02 4.64 1.62 -26.46 -1.55 0
Car 0 0 -10 820.01 680.34 999.13 849.92 1.91 2.04 4.31 -0.52 2.3 26.07 -1.56 0
Pedestrian 0 0 -10 0 0 0 0 1.0 0.66 0.88 4.53 1.74 -15.81 -1.41 0
