Pedestrian 0 0 -10 0 0 0 0 1.1 0.75 0.88 17.55 1.96 -10.11 -2.71 0
Pedestrian 0 0 -10 1310.88 873.75 1728.6 1280.0 1.26 0.79 0.89 5.56 1.99 3.07 -1.53 2
Car 0 0 -10 0 0 0 0 1.9 2.17 4.95 42.64 1.63 -27.98 -3.13 0
Car 0 0 -10 847.21 203.98 1284.27 665.53 2.49 2.36 5.56 -14.11 2.33 0.41 -3.16 3
Car 0 0 -10 1527.11 654.16 1659.7 701.12 1.55 2.06 4.45 22.41 1.36 70.74 -0.62 0
Pedestrian 0 0 -10 1781.65 179.36 1878.89 320.15 1.73 0.83 0.89 25.97 1.62 -10.57 -1.56 4
Car 0 0 -10 0 0 0 0 1.93 2.34 5.74 24.85 1.97 -27.73 -3.13 0
Car 0 0 -10 296.09 579.84 529.78 682.63 3.2 3.32 9.3 36.44 1.14 61.61 -1.56 2
Car 0 0 -10 753.22 707.69 1209.49 894.15 1.57 1.99 4.5 -15.16 2.18 15.09 -3.2 1
Car 0 0 -10 0 0 0 0 1.59 2.07 4.83 -16.25 2.5 -53.16 -3.11 0
Car 0 0 -10 0 0 0 0 1.45 2.09 4.69 51.01 1.65 -27.97 -3.13 0
Pedestrian 0 0 -10 314.33 775.36 558.21 1044.63 1.48 1.08 1.19 -11.73 2.27 6.85 0.1 1
Pedestrian 0 0 -10 0 0 0 0 1.74 0.72 0.75 30.55 1.59 -20.12 -2.63 0
Pedestrian 0 0 -10 692.42 205.49 755.5 293.73 1.21 0.78 0.84 29.09 1.48 3.66 1.47 4
Pedestrian 0 0 -10 551.12 217.75 617.84 303.01 1.1 0.65 0.69 27.53 1.53 5.3 1.06 4
Pedestrian 0 0 -10 0 0 0 0 1.87 0.96 1.01 15.37 1.9 -22.9 -2.47 0
Pedestrian 0 0 -10 500.75 186.81 577.65 304.18 1.48 0.91 0.88 26.83 1.5 5.73 -1.7 4
Pedestrian 0 0 -10 0 0 0 0 1.14 0.86 0.79 14.5 1.89 -22.35 -2.5 0
Pedestrian 0 0 -10 1636.63 669.48 1691.06 727.14 1.36 0.84 0.94 17.4 1.59 49.6 -1.88 0
Pedestrian 0 0 -10 421.22 741.05 848.79 1280.0 1.76 1.02 1.15 4.63 2.14 6.11 1.47 2
Pedestrian 0 0 -10 0 0 0 0 1.71 1.02 0.95 24.99 1.81 -23.49 0.45 0
Car 0 0 -10 0 0 0 0 1.82 2.32 5.5 -9.7 2.49 -48.19 -4.66 0
Car 0 0 -10 0 0 0 0 1.55 1.8 4.39 -11.27 2.81 -75.7 -4.66 0
Car 0 0 -10 0 0 0 0 1.83 2.18 4.88 -15.63 2.3 -27.56 -3.12 0
Car 0 0 -10 264.93 664.82 488.52 744.2 1.93 2.08 5.12 -14.24 2.08 52.42 -3.18 0
Pedestrian 0 0 -10 1808.5 206.61 1892.35 304.87 1.31 0.78 0.73 28.23 1.55 -11.77 1.04 4
Pedestrian 0 0 -10 0 0 0 0 1.68 0.73 0.68 28.21 1.74 -22.41 -0.18 0
Car 0 0 -10 502.42 673.96 634.69 761.05 1.82 2.1 4.97 -8.42 2.17 47.26 1.57 0
Car 0 0 -10 0 0 0 0 1.8 2.12 4.46 29.47 1.63 -48.69 -3.63 0
Pedestrian 0 0 -10 0 0 0 0 1.84 0.92 0.94 31.62 1.52 -17.99 -0.1 0
Pedestrian 0 0 -10 0 0 0 0 1.49 0.76 0.76 33.37 1.67 -23.27 -2.32 0
Car 0 0 -10 0 0 0 0 1.53 1.94 4.22 21.88 1.82 -54.3 -0.63 0
Pedestrian 0 0 -10 0 0 0 0 1.76 0.92 0.94 40.05 1.54 -23.9 -0.0 0
Pedestrian 0 0 -10 0 0 0 0 1.18 0.69 0.73 31.36 1.63 -21.79 1.43 0
Pedestrian 0 0 -10 0 0 0 0 1.75 0.78 0.73 29.59 1.65 -19.78 0.26 0
Pedestrian 0 0 -10 0 0 0 0 1.78 0.81 0.81 22.59 1.83 -15.3 0.31 0
Pedestrian 0 0 -10 929.12 208.84 982.21 291.49 1.17 0.65 0.68 29.9 1.49 0.45 1.42 4
Car 0 0 -10 0 0 0 0 1.47 2.05 4.64 -8.91 2.4 -17.6 -4.7 0
Car 0 0 -10 0 0 0 0 1.85 2.01 4.66 -9.91 2.63 -61.41 -4.66 0
Pedestrian 0 0 -10 0 0 0 0 1.84 1.04 0.91 20.51 1.91 -16.72 -0.12 0
Car 0 0 -10 542.73 587.99 845.73 717.22 2.6 2.49 6.58 28.24 1.45 35.68 -0.09 2
Pedestrian 0 0 -10 0 0 0 0 1.62 0.73 0.71 28.24 1.61 -16.16 -1.84 0
Pedestrian 0 0 -10 967.94 469.35 1117.52 719.84 1.14 0.68 0.7 -10.66 2.41 0.27 1.51 3
Car 0 0 -10 0 0 0 0 1.73 2.12 4.41 36.59 1.81 -27.8 -3.13 0
Pedestrian 0 0 -10 0 0 0 0 1.72 0.87 0.71 20.33 1.86 -10.01 -0.14 0
Pedestrian 0 0 -10 1578.73 659.51 1639.13 738.62 1.75 0.89 0.94 15.06 1.74 46.49 -2.2 0
Car 0 0 -10 0 0 0 0 1.44 1.91 4.34 49.23 1.32 -48.01 -2.56 0
Car 0 0 -10 0 0 0 0 1.56 1.94 4.58 41.55 1.62 -58.16 0.49 0
Pedestrian 0 0 -10 851.47 365.32 1102.38 757.31 1.75 0.99 1.16 -10.27 2.45 -0.05 -4.69 3
Car 0 0 -10 0 0 0 0 2.0 2.1 4.21 22.02 1.83 -63.88 -0.53 0
Car 0 0 -10 1628.56 653.57 1794.09 706.46 1.52 2.1 4.97 23.18 1.34 61.88 -0.56 0
Car 0 0 -10 0 0 0 0 1.91 2.33 5.74 -9.09 2.41 -33.35 -4.69 0
Pedestrian 0 0 -10 0 0 0 0 1.81 1.12 0.91 27.16 1.69 -21.38 -0.18 0
Car 0 0 -10 608.57 669.94 700.13 736.4 1.78 1.96 4.78 -8.17 2.1 59.42 1.57 0
Pedestrian 0 0 -10 763.14 202.18 817.36 290.27 1.24 0.81 0.76 29.82 1.47 2.81 1.47 4
Pedestrian 0 0 -10 1072.06 0.0 1155.39 104.65 1.77 0.71 0.87 -18.43 -1.13 1.18 -3.11 3
Car 0 0 -10 0 0 0 0 1.82 2.23 4.54 48.7 1.43 -57.39 -2.68 0
Pedestrian 0 0 -10 1687.07 657.26 1747.38 735.55 1.69 0.86 0.93 17.03 1.63 45.19 -1.84 0
Car 0 0 -10 0 0 0 0 1.54 1.95 4.46 21.92 1.79 -51.17 -0.55 0
Pedestrian 0 0 -10 0 0 0 0 1.44 1.0 1.04 26.18 1.82 -25.37 -0.17 0
Car 0 0 -10 0 0 0 0 1.74 2.13 4.56 31.27 1.88 -27.82 -3.13 0
Car 0 0 -10 0 0 0 0 1.89 2.03 4.2 21.86 1.8 -57.57 -0.6 0
Pedestrian 0 0 -10 0 0 0 0 1.57 0.71 0.64 20.03 1.89 -20.72 -0.16 0
Pedestrian 0 0 -10 950.53 170.53 1019.59 286.37 1.68 0.98 0.94 30.8 1.45 0.03 -4.65 4
Car 0 0 -10 0.0 704.29 256.83 915.66 1.76 2.09 4.5 -8.71 2.27 20.68 -4.68 0
Car 0 0 -10 0 0 0 0 1.58 2.19 4.9 -17.68 2.68 -69.67 -3.06 0
Pedestrian 0 0 -10 0 0 0 0 1.1 0.78 0.73 33.67 1.52 -18.56 0.04 0
Car 0 0 -10 0 0 0 0 1.94 2.26 4.95 41.1 1.51 -51.52 0.48 0
Pedestrian 0 0 -10 0 0 0 0 1.84 0.72 0.73 30.78 1.68 -23.85 -1.12 0
Pedestrian 0 0 -10 0 0 0 0 1.77 0.94 1.04 41.05 1.62 -26.22 -3.15 0
Pedestrian 0 0 -10 827.06 204.47 880.41 290.32 1.21 0.69 0.73 29.8 1.47 1.91 1.47 4
Pedestrian 0 0 -10 0 0 0 0 1.66 1.25 0.72 19.8 2.12 -26.97 0.03 0
Pedestrian 0 0 -10 0 0 0 0 1.65 0.65 0.68 33.58 1.63 -25.59 -1.76 0
Car 0 0 -10 0 0 0 0 1.32 1.78 3.98 21.39 1.93 -48.29 -0.53 0
Pedestrian 0 0 -10 1656.96 237.14 1751.69 368.09 1.3 0.66 0.65 21.2 1.8 -7.35 -3.4 4
Car 0 0 -10 0 0 0 0 1.83 1.94 4.22 21.8 1.81 -60.56 -0.57 0
Pedestrian 0 0 -10 0 0 0 0 1.7 0.75 0.63 30.3 1.58 -19.78 -4.0 0
Pedestrian 0 0 -10 0 0 0 0 1.7 0.78 0.76 33.07 1.69 -24.44 0.05 0
Car 0 0 -10 0 0 0 0 1.52 1.88 3.85 21.97 1.84 -70.05 -0.58 0
Pedestrian 0 0 -10 624.78 201.09 692.13 299.24 1.3 0.78 0.84 28.08 1.51 4.41 1.47 4
Pedestrian 0 0 -10 1586.25 238.49 1716.08 377.17 1.31 0.86 1.0 20.39 1.81 -6.54 -4.71 4
Pedestrian 0 0 -10 0 0 0 0 1.81 0.81 0.63 29.85 1.62 -20.49 -1.23 0
Pedestrian 0 0 -10 0 0 0 0 1.2 0.78 0.73 33.46 1.57 -24.64 1.23 0
Car 0 0 -10 1451.86 657.27 1582.17 727.06 1.71 2.06 4.45 14.91 1.65 53.63 -1.59 0
Car 0 0 -10 0 0 0 0 1.77 2.0 4.2 -15.7 2.33 -13.48 -3.16 0
Pedestrian 0 0 -10 0 0 0 0 1.86 0.73 0.6 27.79 1.66 -17.7 -0.12 0
Car 0 0 -10 0 0 0 0 1.49 1.72 3.53 21.96 1.82 -66.77 -0.54 0
Pedestrian 0 0 -10 1776.61 191.17 1859.33 303.49 1.54 0.82 0.75 28.99 1.57 -11.62 0.87 4
Pedestrian 0 0 -10 1879.18 192.61 1920.0 364.34 1.75 0.85 0.75 21.6 1.79 -9.83 -2.71 4
Car 0 0 -10 0 0 0 0 1.58 1.95 4.46 42.11 1.45 -48.7 0.48 0
Car 0 0 -10 512.33 576.13 773.12 693.83 3.12 3.14 9.39 36.07 1.27 48.53 -1.45 2
Car 0 0 -10 0 0 0 0 1.73 2.21 5.07 29.6 1.59 -51.92 -3.69 0
Pedestrian 0 0 -10 1721.87 651.57 1780.11 735.46 1.8 0.82 0.87 17.66 1.62 44.87 -2.12 0
Car 0 0 -10 0.0 652.77 113.4 817.04 2.15 2.2 6.12 -14.93 2.07 28.47 -3.16 0
Car 0 0 -10 0.0 381.33 113.8 849.26 1.49 2.02 4.52 -8.84 2.37 -6.41 -4.7 3
Pedestrian 0 0 -10 1.75 715.73 96.53 838.93 1.46 0.83 0.83 -10.97 2.16 25.34 -1.56 0
Pedestrian 0 0 -10 693.03 272.18 872.08 506.66 1.78 1.14 1.01 -16.97 2.15 -1.61 -2.2 3
Pedestrian 0 0 -10 0 0 0 0 1.31 0.68 0.75 32.09 1.64 -23.41 -0.56 0
Pedestrian 0 0 -10 1716.51 172.38 1821.31 342.7 1.82 0.91 0.85 22.77 1.65 -8.6 -2.58 4
Pedestrian 0 0 -10 1157.26 722.84 1645.85 1280.0 1.82 0.81 0.98 4.89 2.05 3.06 -1.48 2
Car 0 0 -10 0 0 0 0 1.91 2.38 5.27 29.43 1.88 -62.14 -3.64 0
Car 0 0 -10 733.56 660.19 977.43 764.29 1.93 2.19 4.96 -1.77 1.96 41.57 0.82 0
Car 0 0 -10 0 0 0 0 1.85 2.12 4.75 41.09 1.44 -60.74 0.53 0
Pedestrian 0 0 -10 931.66 422.08 1095.43 700.09 1.34 0.73 0.78 -11.14 2.41 0.13 1.46 3
Pedestrian 0 0 -10 1821.71 780.16 1920.0 939.61 1.12 0.81 0.83 16.46 2.17 6.03 -1.69 2
Pedestrian 0 0 -10 1018.54 206.88 1076.2 291.96 1.2 0.7 0.81 29.88 1.49 -0.87 -4.69 4
Car 0 0 -10 0 0 0 0 1.74 2.09 4.84 29.11 1.66 -55.51 -3.71 0
Pedestrian 0 0 -10 0 0 0 0 1.36 0.88 0.74 27.06 1.68 -20.73 -0.07 0
Car 0 0 -10 0 0 0 0 1.79 2.19 4.93 29.46 1.76 -58.81 -3.66 0
Pedestrian 0 0 -10 85.4 685.36 164.61 822.99 1.85 0.9 0.8 -11.21 2.21 28.36 -1.78 0
Pedestrian 0 0 -10 0 0 0 0 1.87 0.94 1.14 22.85 1.81 -16.04 -0.12 0
Pedestrian 0 0 -10 0 0 0 0 1.26 0.69 0.64 31.77 1.64 -22.86 1.04 0
Pedestrian 0 0 -10 82.12 697.64 178.34 838.47 1.69 0.83 0.89 -10.05 2.17 25.59 -1.52 0
