Pedestrian 0 0 -10 1329.56 748.48 1439.77 859.81 1.1 0.75 0.88 19.04 2.21 12.32 1.56 2
Pedestrian 0 0 -10 166.72 729.72 235.75 814.47 1.17 0.73 0.87 -10.66 2.19 29.87 -1.64 0
Pedestrian 0 0 -10 1133.03 450.3 1489.81 886.0 1.26 0.79 0.89 5.76 2.03 -0.88 -1.56 4
Car 0 0 -10 1623.71 175.33 1808.14 273.92 1.9 2.17 4.95 42.8 1.66 -14.83 -3.13 4
Pedestrian 0 0 -10 1055.91 654.4 1126.63 734.12 1.32 0.87 0.83 26.68 1.46 23.13 1.5 2
Car 0 0 -10 631.93 628.47 1234.48 938.78 2.49 2.36 5.56 -14.19 2.25 13.34 -3.16 1
Pedestrian 0 0 -10 1501.71 185.17 1588.93 333.82 1.73 0.83 0.89 24.75 1.7 -6.6 -1.45 4
Car 0 0 -10 0 0 0 0 1.93 2.34 5.74 24.8 1.93 -14.83 -3.13 0
Pedestrian 0 0 -10 1108.66 207.27 1163.77 291.4 1.22 0.78 0.73 30.7 1.51 -2.11 1.53 4
Car 0 0 -10 0.0 693.47 18.65 818.23 1.57 1.99 4.5 -15.21 2.07 28.0 -3.2 0
Pedestrian 0 0 -10 968.94 642.37 1038.55 718.21 1.42 0.98 0.96 28.82 1.35 27.2 -1.25 2
Car 0 0 -10 0 0 0 0 1.59 2.07 4.83 -15.97 2.49 -40.45 -3.11 0
Pedestrian 0 0 -10 1585.94 189.42 1625.79 256.29 1.43 0.65 0.65 44.9 1.45 -13.26 -0.02 4
Pedestrian 0 0 -10 710.36 637.93 747.34 685.45 1.4 0.74 0.81 39.25 1.16 48.34 -1.56 2
Pedestrian 0 0 -10 823.78 719.82 963.15 896.63 1.48 1.08 1.19 -0.4 2.03 18.34 -3.14 0
Pedestrian 0 0 -10 1430.0 176.25 1493.4 295.55 1.74 0.72 0.75 30.85 1.57 -6.98 -2.64 4
Pedestrian 0 0 -10 1053.08 208.4 1112.81 298.94 1.25 0.78 0.78 29.26 1.55 -1.25 1.53 4
Pedestrian 0 0 -10 1488.97 203.82 1553.2 288.26 1.32 0.72 0.67 33.06 1.57 -8.42 -2.12 4
Pedestrian 0 0 -10 1197.68 661.75 1269.76 739.95 1.21 0.78 0.84 26.61 1.45 20.06 1.46 2
Pedestrian 0 0 -10 870.08 662.41 921.26 724.64 1.1 0.65 0.69 25.91 1.39 27.12 1.24 2
Pedestrian 0 0 -10 1219.18 199.71 1287.97 293.63 1.35 0.78 0.73 30.4 1.53 -3.81 1.26 4
Pedestrian 0 0 -10 1450.27 176.67 1558.44 349.87 1.87 0.96 1.01 23.12 1.75 -5.72 -1.16 4
Pedestrian 0 0 -10 789.04 186.7 854.58 289.51 1.48 0.91 0.88 30.51 1.48 2.54 -1.74 4
Pedestrian 0 0 -10 1679.17 232.41 1736.24 307.36 1.07 0.61 0.54 30.33 1.71 -10.49 -0.66 4
Pedestrian 0 0 -10 1432.37 248.49 1542.24 358.96 1.14 0.86 0.79 22.5 1.8 -5.38 -0.68 4
Pedestrian 0 0 -10 1531.32 654.57 1593.0 727.85 1.22 0.7 0.81 32.44 1.35 17.52 -0.01 2
Pedestrian 0 0 -10 1839.46 664.88 1894.1 723.51 1.36 0.84 0.94 21.85 1.48 48.33 -1.71 0
Pedestrian 0 0 -10 629.97 682.55 755.46 862.8 1.76 1.02 1.15 -2.51 2.0 21.09 -4.6 0
Pedestrian 0 0 -10 1800.41 195.52 1920.0 340.18 1.71 1.02 0.95 25.03 1.79 -10.55 -0.17 4
Car 0 0 -10 0 0 0 0 1.82 2.32 5.5 -9.48 2.48 -35.25 -4.67 0
Car 0 0 -10 0 0 0 0 1.55 1.8 4.39 -10.93 2.8 -62.74 -4.67 0
Car 0 0 -10 0 0 0 0 1.83 2.18 4.88 -15.37 2.3 -14.65 -3.13 0
Car 0 0 -10 394.98 659.43 571.23 722.77 1.93 2.08 5.12 -14.39 1.93 65.31 -3.18 0
Pedestrian 0 0 -10 1363.53 710.62 1445.27 820.2 1.31 0.78 0.73 22.5 2.12 14.29 1.43 2
Pedestrian 0 0 -10 1649.46 188.69 1724.71 313.57 1.68 0.73 0.68 28.35 1.68 -9.51 -0.18 4
Car 0 0 -10 595.84 669.15 692.9 736.35 1.82 2.1 4.97 -8.56 2.12 60.17 1.57 0
Pedestrian 0 0 -10 795.9 210.37 853.33 293.87 1.17 0.76 0.79 29.73 1.51 2.43 1.53 4
Car 0 0 -10 0 0 0 0 1.8 2.12 4.46 29.57 1.65 -35.64 -3.63 0
Pedestrian 0 0 -10 1135.23 176.03 1241.43 329.71 1.84 0.92 0.94 25.54 1.71 -2.4 1.08 4
Pedestrian 0 0 -10 1587.03 193.3 1637.28 271.11 1.49 0.76 0.76 40.32 1.59 -12.04 -3.11 4
Car 0 0 -10 0 0 0 0 1.9 1.88 4.35 49.09 1.42 -37.81 -2.57 0
Car 0 0 -10 0 0 0 0 1.53 1.94 4.22 22.12 1.8 -41.25 -0.63 0
Car 0 0 -10 0 0 0 0 1.74 1.97 4.64 61.68 1.42 -35.64 -0.67 0
Pedestrian 0 0 -10 1773.88 183.45 1861.38 297.82 1.76 0.92 0.94 32.44 1.68 -12.95 -0.19 4
Pedestrian 0 0 -10 1431.64 172.4 1490.43 297.19 1.75 0.78 0.73 29.67 1.53 -6.7 0.25 4
Pedestrian 0 0 -10 1155.11 185.62 1244.26 352.85 1.78 0.81 0.81 22.69 1.76 -2.27 0.31 4
Pedestrian 0 0 -10 1441.25 661.1 1491.76 736.32 1.17 0.65 0.68 29.24 1.4 17.45 1.18 2
Car 0 0 -10 0.0 408.96 485.24 886.0 1.47 2.05 4.64 -8.79 2.39 -4.73 -4.71 3
Car 0 0 -10 0 0 0 0 1.85 2.01 4.66 -9.89 2.65 -48.49 -4.67 0
Pedestrian 0 0 -10 1292.25 191.67 1421.63 381.46 1.84 1.04 0.91 20.68 1.88 -3.63 -0.12 4
Car 0 0 -10 244.6 596.68 515.88 703.07 2.6 2.49 6.58 28.06 1.41 48.73 -0.1 2
Pedestrian 0 0 -10 1187.01 179.53 1256.24 300.38 1.62 0.73 0.71 28.34 1.52 -3.12 -1.85 4
Pedestrian 0 0 -10 630.37 750.31 718.43 880.02 1.14 0.68 0.7 -2.45 1.99 19.12 -3.11 0
Car 0 0 -10 1723.98 190.35 1920.0 294.87 1.73 2.12 4.41 36.75 1.77 -14.8 -3.13 4
Pedestrian 0 0 -10 647.8 195.47 738.24 373.87 1.72 0.87 0.71 20.53 1.81 2.98 -0.15 4
Pedestrian 0 0 -10 1516.12 192.89 1561.82 267.65 1.41 0.8 0.73 39.77 1.5 -10.46 0.2 4
Pedestrian 0 0 -10 1557.99 193.8 1603.59 267.23 1.41 0.76 0.76 40.48 1.52 -11.47 -2.99 4
Car 0 0 -10 1393.23 177.98 1479.29 223.81 1.48 2.09 4.69 70.1 1.17 -14.88 -3.1 4
Car 0 0 -10 0 0 0 0 1.44 1.91 4.34 49.42 1.28 -34.86 -2.57 0
Pedestrian 0 0 -10 1642.11 179.82 1707.39 274.02 1.75 0.92 0.94 39.2 1.59 -12.89 0.01 4
Pedestrian 0 0 -10 1548.24 657.82 1614.46 727.42 1.14 0.76 0.87 32.23 1.32 17.05 -0.05 2
Car 0 0 -10 0 0 0 0 1.56 1.94 4.58 41.82 1.58 -45.04 0.49 0
Pedestrian 0 0 -10 612.79 687.18 749.72 888.74 1.75 0.99 1.16 -2.32 2.01 18.68 -3.22 0
Car 0 0 -10 0 0 0 0 1.62 1.93 4.36 61.69 1.3 -44.39 -0.63 0
Car 0 0 -10 0 0 0 0 2.0 2.1 4.21 22.3 1.82 -50.86 -0.53 0
Car 0 0 -10 0 0 0 0 1.91 2.33 5.74 -8.88 2.38 -20.45 -4.69 0
Pedestrian 0 0 -10 1572.71 177.23 1686.04 318.22 1.81 1.12 0.91 27.24 1.67 -8.37 -0.18 4
Pedestrian 0 0 -10 1611.96 208.11 1660.24 272.74 1.2 0.7 0.63 39.1 1.57 -12.13 -0.01 4
Pedestrian 0 0 -10 1112.33 207.6 1171.91 291.26 1.18 0.77 0.83 29.92 1.47 -2.14 -4.67 4
Car 0 0 -10 664.7 666.47 736.38 720.43 1.78 1.96 4.78 -8.35 2.03 72.33 1.56 0
Car 0 0 -10 0 0 0 0 1.68 1.99 4.52 49.08 1.39 -50.51 -2.62 0
Pedestrian 0 0 -10 1313.94 658.86 1381.57 738.71 1.24 0.81 0.76 27.94 1.44 18.81 1.46 2
Car 0 0 -10 0 0 0 0 1.82 2.23 4.54 48.96 1.43 -44.27 -2.69 0
Pedestrian 0 0 -10 1895.42 651.95 1920.0 727.82 1.69 0.86 0.93 22.11 1.51 46.24 -2.74 0
Pedestrian 0 0 -10 1604.98 166.98 1634.36 222.88 1.75 0.67 0.71 65.58 1.08 -19.78 -4.71 4
Car 0 0 -10 0 0 0 0 1.54 1.95 4.46 22.11 1.78 -38.13 -0.55 0
Pedestrian 0 0 -10 1743.41 211.77 1847.41 332.02 1.44 1.0 1.04 25.68 1.72 -10.0 -4.16 4
Car 0 0 -10 1834.52 196.46 1920.0 320.52 1.74 2.13 4.56 31.31 1.85 -14.75 -3.13 4
Pedestrian 0 0 -10 1586.97 171.75 1634.8 228.53 1.82 1.06 1.03 67.33 1.29 -20.02 -0.44 4
Car 0 0 -10 0 0 0 0 1.89 2.03 4.2 22.18 1.79 -44.38 -0.6 0
Pedestrian 0 0 -10 1733.6 219.97 1836.76 387.06 1.57 0.71 0.64 19.93 1.87 -7.67 -0.14 4
Pedestrian 0 0 -10 1577.7 628.03 1653.76 730.5 1.68 0.98 0.94 32.58 1.37 16.61 -1.72 2
Car 0 0 -10 290.0 683.31 501.13 805.29 1.76 2.09 4.5 -8.72 2.18 33.57 -4.68 0
Car 0 0 -10 0 0 0 0 1.58 2.19 4.9 -17.31 2.67 -56.7 -3.06 0
Pedestrian 0 0 -10 1120.88 233.81 1206.64 325.09 1.1 0.78 0.73 25.95 1.68 -2.13 0.93 4
Car 0 0 -10 0 0 0 0 1.94 2.26 4.95 41.32 1.52 -38.35 0.48 0
Pedestrian 0 0 -10 1800.37 171.1 1829.99 224.95 1.66 0.81 0.8 64.44 1.1 -25.6 -4.27 4
Pedestrian 0 0 -10 1694.78 179.22 1754.1 306.31 1.84 0.72 0.73 30.56 1.7 -10.81 -1.12 4
Pedestrian 0 0 -10 1494.94 174.55 1540.8 246.0 1.77 0.94 1.04 52.21 1.43 -13.18 -3.07 4
Pedestrian 0 0 -10 1391.97 660.26 1454.6 737.95 1.21 0.69 0.73 28.83 1.43 17.99 1.46 2
Pedestrian 0 0 -10 0 0 0 0 1.66 1.25 0.72 19.76 2.04 -14.36 -0.42 0
Pedestrian 0 0 -10 1713.12 193.34 1774.18 297.03 1.65 0.65 0.68 33.41 1.72 -12.13 -1.77 4
Car 0 0 -10 0 0 0 0 1.32 1.78 3.98 21.56 1.82 -35.32 -0.54 0
Pedestrian 0 0 -10 1217.2 227.46 1294.6 341.72 1.3 0.66 0.65 24.25 1.77 -3.08 -1.98 4
Pedestrian 0 0 -10 1663.2 187.29 1739.4 299.57 1.7 0.94 0.78 31.98 1.68 -10.94 -1.67 4
Car 0 0 -10 0 0 0 0 1.83 1.94 4.22 21.92 1.8 -47.54 -0.58 0
Car 0 0 -10 0 0 0 0 1.44 1.99 4.52 49.65 1.36 -47.71 -2.62 0
Pedestrian 0 0 -10 1397.34 178.22 1461.33 295.13 1.7 0.75 0.63 30.74 1.56 -6.47 -4.01 4
Pedestrian 0 0 -10 1324.7 176.5 1391.45 290.92 1.7 0.78 0.76 31.43 1.53 -5.53 -2.65 4
Pedestrian 0 0 -10 1800.61 168.99 1840.67 219.81 1.64 0.85 0.88 67.55 0.99 -27.01 -1.85 4
Car 0 0 -10 0 0 0 0 1.52 1.88 3.85 22.25 1.84 -56.98 -0.58 0
Car 0 0 -10 0 0 0 0 1.86 2.01 4.9 22.2 1.91 -63.3 -0.56 0
Car 0 0 -10 1473.07 185.63 1592.54 243.0 1.53 2.09 4.69 58.29 1.48 -15.08 -3.16 4
Pedestrian 0 0 -10 968.1 650.35 1032.99 725.07 1.3 0.78 0.84 26.83 1.37 25.39 1.46 2
Pedestrian 0 0 -10 1793.03 174.34 1824.22 227.2 1.65 0.73 0.81 65.2 1.19 -25.69 -4.2 4
Pedestrian 0 0 -10 387.88 654.56 457.28 723.02 1.31 0.86 1.0 21.62 1.48 36.06 -0.05 2
Pedestrian 0 0 -10 1481.18 169.8 1532.56 297.57 1.81 0.81 0.63 29.97 1.55 -7.43 -1.24 4
Pedestrian 0 0 -10 1152.55 208.93 1213.26 293.51 1.2 0.78 0.73 30.04 1.51 -2.74 1.46 4
Car 0 0 -10 1349.41 653.4 1446.92 708.77 1.71 2.06 4.45 14.75 1.51 66.67 -1.6 0
Car 0 0 -10 748.56 288.27 1064.48 587.51 1.77 2.0 4.2 -15.56 2.28 -0.62 -3.17 3
Pedestrian 0 0 -10 1302.38 169.69 1368.87 310.36 1.86 0.73 0.6 27.85 1.62 -4.6 -0.12 4
Car 0 0 -10 0 0 0 0 1.49 1.72 3.53 22.26 1.82 -53.75 -0.55 0
Pedestrian 0 0 -10 1390.34 678.68 1471.88 803.27 1.54 0.82 0.75 23.2 1.95 14.34 1.4 2
Pedestrian 0 0 -10 646.35 187.75 756.41 362.33 1.75 0.85 0.75 21.47 1.76 3.03 -2.44 4
Car 0 0 -10 0 0 0 0 1.9 2.16 4.78 61.38 1.26 -40.31 -0.63 0
Pedestrian 0 0 -10 1558.43 183.45 1595.05 256.19 1.57 0.58 0.66 45.31 1.47 -12.74 -0.04 4
Car 0 0 -10 0 0 0 0 1.58 1.95 4.46 42.19 1.51 -35.55 0.48 0
Car 0 0 -10 297.73 584.54 505.51 685.78 3.12 3.14 9.39 35.92 1.22 61.56 -1.46 2
Car 0 0 -10 0 0 0 0 1.73 2.21 5.07 29.84 1.58 -38.87 -3.7 0
Pedestrian 0 0 -10 265.13 630.96 315.9 707.38 1.8 0.82 0.87 24.13 1.45 46.23 -2.18 2
Car 0 0 -10 16.1 652.17 358.85 764.71 2.15 2.2 6.12 -15.0 2.01 41.36 -3.16 0
Car 0 0 -10 134.62 789.36 1106.61 1244.49 1.49 2.02 4.52 -8.79 2.34 6.39 -4.71 1
Pedestrian 0 0 -10 0.0 731.71 20.77 868.08 1.46 0.83 0.83 -10.76 2.28 22.94 -1.8 0
Pedestrian 0 0 -10 411.95 595.21 572.32 787.94 1.78 1.14 1.01 -17.49 1.2 10.88 -3.09 1
Pedestrian 0 0 -10 1172.43 180.74 1276.06 336.46 1.82 0.91 0.85 24.93 1.74 -2.78 -2.12 4
Pedestrian 0 0 -10 1218.68 287.81 1691.49 886.0 1.82 0.81 0.98 5.08 2.08 -1.12 -1.58 4
Car 0 0 -10 0 0 0 0 1.91 2.38 5.27 29.63 1.88 -48.94 -3.65 0
Car 0 0 -10 0 0 0 0 1.85 2.12 4.75 41.36 1.51 -47.64 0.53 0
Pedestrian 0 0 -10 674.49 728.79 759.87 876.19 1.34 0.73 0.78 -2.11 2.01 19.59 -3.25 0
Pedestrian 0 0 -10 751.0 738.41 845.44 835.57 1.12 0.81 0.83 16.89 2.28 19.41 1.54 2
Pedestrian 0 0 -10 1499.33 662.85 1569.08 740.29 1.2 0.7 0.81 29.94 1.45 16.65 0.18 2
Car 0 0 -10 0 0 0 0 1.74 2.09 4.84 29.37 1.66 -42.3 -3.72 0
Car 0 0 -10 0 0 0 0 1.6 1.99 4.32 41.99 1.37 -57.52 0.48 0
Car 0 0 -10 0 0 0 0 1.93 2.04 4.82 -18.99 2.76 -72.01 -3.06 0
Pedestrian 0 0 -10 1541.11 210.83 1630.23 318.15 1.36 0.88 0.74 27.05 1.65 -7.75 0.69 4
Pedestrian 0 0 -10 685.81 206.08 759.18 293.28 1.22 0.97 0.89 29.83 1.5 3.9 -4.68 4
Car 0 0 -10 0 0 0 0 1.79 2.19 4.93 29.61 1.75 -45.67 -3.66 0
Pedestrian 0 0 -10 131.41 684.0 212.36 813.03 1.85 0.9 0.8 -11.27 2.21 30.35 -1.59 0
Pedestrian 0 0 -10 1211.41 174.8 1321.24 349.09 1.87 0.94 1.14 22.95 1.74 -3.01 -0.12 4
Pedestrian 0 0 -10 0.0 710.19 95.2 863.98 1.69 0.83 0.89 -10.2 2.28 23.51 -1.63 0
