Car 0 0 -10 322.31 749.06 971.96 1023.52 1.48 1.98 4.85 -12.84 2.34 9.54 -1.6 1
Car 0 0 -10 0 0 0 0 1.34 1.98 4.88 -12.57 2.53 -12.48 -1.66 0
Pedestrian 0 0 -10 0 0 0 0 1.6 0.78 0.75 -15.73 2.9 -50.58 -1.6 0
Pedestrian 0 0 -10 454.95 640.85 483.36 678.3 1.11 0.71 0.77 -14.69 1.32 62.27 -0.3 0
Car 0 0 -10 627.21 602.37 742.26 688.44 2.15 2.32 5.24 -7.15 1.32 54.98 -1.57 0
Pedestrian 0 0 -10 457.97 624.87 499.38 684.84 1.73 0.69 1.07 -13.95 1.47 60.29 -0.38 0
Car 0 0 -10 1055.87 628.77 1130.09 678.63 1.39 1.04 2.03 4.03 1.24 60.06 -2.96 0
Pedestrian 0 0 -10 0 0 0 0 1.89 0.89 1.28 7.7 2.07 -6.04 -1.3 0
Pedestrian 0 0 -10 881.68 714.05 1051.49 968.39 1.72 0.93 1.01 -10.69 2.16 10.69 -1.94 1
Pedestrian 0 0 -10 835.94 709.95 965.4 909.02 1.79 1.0 0.76 -14.37 2.31 13.53 -0.04 1
Car 0 0 -10 0 0 0 0 1.49 2.12 3.99 -6.35 2.67 -37.29 -1.59 0
Pedestrian 0 0 -10 0 0 0 0 1.7 0.97 0.87 -17.24 2.88 -50.35 -1.54 0
Car 0 0 -10 81.9 615.57 248.53 679.6 1.86 2.07 4.61 -23.98 1.34 62.27 -0.47 0
Pedestrian 0 0 -10 1053.95 700.97 1153.13 873.32 1.78 0.8 0.76 -14.62 2.25 16.83 0.38 1
Car 0 0 -10 0.0 612.61 147.46 676.3 1.9 2.01 4.44 -27.54 1.27 63.8 -0.41 0
Car 0 0 -10 0 0 0 0 1.77 1.99 3.98 4.3 2.34 -15.36 -1.58 0
Pedestrian 0 0 -10 0 0 0 0 1.77 0.86 0.79 7.38 2.78 -67.15 -4.71 0
Car 0 0 -10 0 0 0 0 1.71 2.24 4.76 4.4 2.6 -40.0 -1.65 0
Pedestrian 0 0 -10 1582.22 209.12 1693.63 360.94 1.66 0.94 0.84 23.17 1.89 -7.28 -2.5 4
Car 0 0 -10 1236.32 669.48 1563.87 862.95 1.52 2.18 4.85 4.26 1.96 20.72 -1.58 0
Pedestrian 0 0 -10 780.57 727.85 954.8 994.19 1.76 0.89 1.03 -11.0 2.3 9.98 -1.92 1
Pedestrian 0 0 -10 466.09 621.71 507.05 679.8 1.72 0.8 0.89 -14.14 1.35 62.19 -2.8 0
Car 0 0 -10 1124.67 645.73 1304.23 756.83 1.5 2.11 5.52 4.07 1.75 33.32 -1.58 0
Car 0 0 -10 0 0 0 0 1.58 1.84 4.48 -12.44 3.15 -63.24 -1.6 0
Pedestrian 0 0 -10 0 0 0 0 1.59 0.7 0.97 -16.42 2.89 -50.55 -1.55 0
Car 0 0 -10 0 0 0 0 3.6 2.86 7.2 -21.56 2.88 -59.7 -0.83 0
Pedestrian 0 0 -10 1217.87 613.48 1265.38 691.62 1.75 0.84 1.17 6.56 1.27 47.22 1.52 0
Car 0 0 -10 0 0 0 0 1.92 1.99 4.27 4.22 2.47 -22.52 -1.56 0
Pedestrian 0 0 -10 449.8 618.92 487.21 685.77 1.94 0.97 0.93 -14.36 1.5 60.75 -0.37 0
Car 0 0 -10 0 0 0 0 3.05 2.96 6.91 0.19 2.36 -20.41 -1.57 0
Pedestrian 0 0 -10 907.84 705.81 1025.46 863.26 1.61 0.97 0.87 -15.82 2.15 15.92 -1.44 1
Car 0 0 -10 0 0 0 0 1.52 2.1 4.61 -5.49 2.92 -57.84 -1.53 0
Pedestrian 0 0 -10 573.99 615.17 615.97 677.45 1.88 0.72 1.15 -11.08 1.31 63.4 -0.03 0
Car 0 0 -10 1080.56 635.48 1194.16 708.26 1.43 1.98 4.55 3.98 1.5 45.64 -1.6 0
Pedestrian 0 0 -10 0 0 0 0 1.68 0.64 0.7 8.12 2.73 -67.07 -4.69 0
Car 0 0 -10 0 0 0 0 1.42 1.99 4.38 -12.24 3.16 -75.79 -1.64 0
Pedestrian 0 0 -10 303.73 629.66 343.73 695.53 1.66 0.72 0.96 -16.26 1.56 53.01 -1.57 0
Car 0 0 -10 0 0 0 0 1.78 2.31 5.12 -12.59 2.82 -32.15 -1.61 0
Car 0 0 -10 0 0 0 0 3.62 2.85 8.25 -29.74 2.9 -59.31 -0.83 0
Pedestrian 0 0 -10 96.98 631.93 159.65 720.23 1.74 1.0 0.92 -16.7 1.71 41.38 1.42 0
Car 0 0 -10 0.0 0.0 1743.09 912.98 3.27 3.23 14.48 3.86 2.03 7.34 -1.57 0
Pedestrian 0 0 -10 822.66 702.75 958.45 878.25 1.72 1.06 0.96 -15.81 2.21 14.76 -1.66 1
Pedestrian 0 0 -10 812.16 718.89 979.2 1005.95 1.78 0.88 0.96 -10.12 2.22 9.42 -2.08 1
