Car 0 0 -10 367.54 168.98 483.56 217.0 1.5 1.76 3.86 -66.95 -0.46 -17.13 -0.85 3
Car 0 0 -10 0 0 0 0 1.48 1.98 4.85 -12.85 3.32 -46.4 -1.59 0
Car 0 0 -10 0 0 0 0 1.34 1.98 4.88 -12.69 3.64 -68.57 -1.66 0
Car 0 0 -10 620.1 642.17 849.73 735.56 2.1 2.37 6.14 -40.44 1.77 32.74 0.0 1
Car 0 0 -10 300.42 633.8 541.25 724.04 1.57 1.82 4.64 -10.19 1.59 39.63 -1.09 0
Pedestrian 0 0 -10 1126.25 837.69 1344.78 1112.29 1.11 0.71 0.77 -5.96 1.99 7.74 -0.21 1
Car 0 0 -10 0.0 204.86 1540.69 886.0 2.15 2.32 5.24 -6.73 2.08 -1.15 -1.59 3
Car 0 0 -10 1061.78 239.46 1349.47 363.7 1.8 2.09 5.48 -34.57 1.66 4.07 -0.46 3
Pedestrian 0 0 -10 39.4 686.51 329.64 1145.94 1.73 0.69 1.07 -3.11 1.96 8.27 -0.36 0
Car 0 0 -10 439.45 626.75 542.43 682.22 1.42 1.84 3.96 -12.84 1.24 57.22 -1.54 0
Car 0 0 -10 650.38 824.08 1450.11 1280.0 1.39 1.04 2.03 4.34 2.08 3.88 -2.95 2
Pedestrian 0 0 -10 0 0 0 0 1.72 0.93 1.01 -17.67 3.0 -35.59 -2.79 0
Pedestrian 0 0 -10 0 0 0 0 1.79 1.0 0.76 -14.36 3.19 -42.53 -0.03 0
Car 0 0 -10 0 0 0 0 1.49 2.12 3.99 -6.79 2.29 -8.62 -1.57 0
Pedestrian 0 0 -10 1520.44 655.44 1587.26 753.71 1.88 0.96 0.83 -20.25 1.76 37.06 -4.71 1
Car 0 0 -10 243.78 642.75 707.03 784.97 1.44 2.08 4.92 13.01 1.71 20.75 -0.05 2
Car 0 0 -10 1352.05 615.11 1720.98 746.29 1.81 2.06 4.87 8.59 1.57 30.57 -0.09 0
Car 0 0 -10 0.0 670.92 44.79 883.29 1.86 2.07 4.61 -23.07 2.11 6.36 -0.44 1
Car 0 0 -10 1279.96 613.25 1684.99 774.91 1.74 1.96 4.19 6.07 1.53 24.0 -0.03 0
Pedestrian 0 0 -10 322.96 616.01 394.53 701.61 1.9 1.22 1.25 -13.6 1.49 46.97 -2.17 0
Pedestrian 0 0 -10 0 0 0 0 1.78 0.8 0.76 -14.51 3.17 -39.2 0.1 0
Car 0 0 -10 530.52 90.64 986.49 288.5 4.36 2.99 13.85 -51.43 0.96 -5.29 -0.8 3
Car 0 0 -10 0.0 657.59 37.24 834.02 1.9 2.01 4.44 -27.14 2.01 7.94 -0.44 1
Car 0 0 -10 721.38 672.73 874.07 741.32 1.61 1.62 4.31 -41.47 2.07 35.77 0.01 1
Car 0 0 -10 599.4 678.49 751.77 732.36 1.31 1.99 4.49 -46.93 2.0 35.94 0.01 1
Car 0 0 -10 0 0 0 0 1.52 2.18 4.85 4.33 2.77 -35.3 -1.57 0
Pedestrian 0 0 -10 903.75 710.68 1155.19 1114.66 1.72 0.8 0.89 -6.65 1.99 7.07 -0.27 1
Car 0 0 -10 940.35 654.26 1192.93 758.07 1.75 1.98 4.63 -26.21 1.71 29.26 -0.0 1
Car 0 0 -10 245.34 656.98 471.18 767.2 1.93 2.09 5.13 -37.49 2.02 20.73 -0.0 1
Car 0 0 -10 0 0 0 0 1.5 2.11 5.52 4.21 2.59 -22.69 -1.56 0
Car 0 0 -10 487.93 621.81 574.3 672.0 1.41 1.58 4.33 -12.83 1.06 62.59 -1.54 0
Car 0 0 -10 1047.71 666.32 1254.36 744.21 1.53 1.7 4.45 -29.33 1.74 35.62 -0.03 1
Car 0 0 -10 863.2 660.68 1134.3 782.1 1.66 1.78 4.09 -22.22 1.74 23.18 -0.01 1
Car 0 0 -10 0.0 628.11 526.39 826.07 1.74 2.13 4.68 -6.8 1.73 20.25 -0.0 0
Pedestrian 0 0 -10 0 0 0 0 1.75 0.84 1.17 6.25 2.57 -26.37 1.52 0
Car 0 0 -10 595.98 676.11 878.23 793.63 1.54 1.88 4.55 -25.04 1.91 20.25 -0.0 1
Car 0 0 -10 0.0 669.43 41.5 806.53 1.7 1.89 4.73 -31.14 1.99 9.43 -0.5 1
Pedestrian 0 0 -10 0 0 0 0 1.81 1.05 1.02 7.7 2.5 -24.71 -1.54 0
Pedestrian 0 0 -10 18.21 643.83 258.84 1129.94 1.94 0.97 0.93 -3.52 2.0 8.81 -0.38 0
Car 0 0 -10 0 0 0 0 3.05 2.96 6.91 0.14 2.37 -12.56 -1.56 0
Car 0 0 -10 0.0 645.31 103.9 743.73 1.51 2.25 4.93 -17.02 1.75 34.24 -0.27 0
Car 0 0 -10 1240.77 258.07 1479.32 362.15 1.59 2.08 4.45 -36.35 1.7 7.06 -0.36 3
Car 0 0 -10 1020.95 671.2 1251.45 754.21 1.49 1.96 4.52 -27.57 1.8 32.98 -0.02 1
Car 0 0 -10 0 0 0 0 1.52 2.1 4.61 -3.64 2.25 -6.95 -1.57 0
Pedestrian 0 0 -10 1884.32 620.03 1920.0 721.0 1.88 1.0 1.0 18.45 1.62 38.73 -3.15 0
Pedestrian 0 0 -10 1533.58 643.04 1764.72 966.36 1.88 0.72 1.15 4.26 1.95 12.63 -0.45 0
Car 0 0 -10 893.24 218.89 1128.74 324.36 1.89 2.37 5.12 -40.87 1.39 1.03 -0.5 3
Car 0 0 -10 0 0 0 0 1.43 1.98 4.55 4.18 2.31 -10.39 -1.59 0
Car 0 0 -10 914.2 217.62 1064.13 282.7 1.5 1.85 3.58 -50.81 0.84 0.84 -0.66 3
Car 0 0 -10 1884.71 636.9 1920.0 752.71 1.44 1.84 4.4 14.91 1.53 26.86 -0.01 0
Car 0 0 -10 3.63 625.67 463.98 797.55 1.78 1.9 4.65 -8.18 1.73 23.5 0.01 0
Pedestrian 0 0 -10 670.87 722.99 918.7 1094.96 1.66 0.72 0.96 -7.75 2.01 6.57 -0.33 1
Car 0 0 -10 0.0 651.42 242.13 785.27 1.85 2.2 4.67 -31.96 1.85 12.8 -0.5 1
Car 0 0 -10 293.75 186.29 402.98 232.87 1.4 1.48 3.61 -64.39 0.11 -18.86 -0.89 3
Car 0 0 -10 1051.8 611.51 1127.14 669.61 1.69 2.05 4.31 4.13 1.0 63.67 -1.56 0
Car 0 0 -10 1342.51 255.95 1575.24 347.7 1.5 1.99 3.99 -38.31 1.51 9.32 -0.52 3
Pedestrian 0 0 -10 0 0 0 0 1.74 1.0 0.92 -16.08 2.79 -23.15 -4.56 0
Car 0 0 -10 531.46 651.14 672.59 729.62 1.96 2.24 3.24 -45.87 1.85 32.67 -0.02 1
Car 0 0 -10 359.4 662.03 503.24 722.87 1.64 2.12 4.59 -55.14 1.89 33.05 -0.01 1
Car 0 0 -10 1850.29 635.15 1920.0 730.73 1.57 1.84 4.21 18.24 1.64 35.77 -0.01 0
Pedestrian 0 0 -10 0 0 0 0 1.78 0.88 0.96 -16.95 3.29 -36.1 -2.11 0
