Car 0 0 -10 1057.47 445.79 1920.0 1280.0 2.54 2.5 5.78 8.16 2.0 3.62 -0.11 2
Car 0 0 -10 0 0 0 0 1.77 2.16 4.98 3.77 1.63 -52.93 -1.56 0
Car 0 0 -10 0 0 0 0 1.62 1.95 4.89 9.1 1.45 -37.89 0.02 0
Car 0 0 -10 0 0 0 0 1.49 2.16 4.98 4.38 1.47 -69.84 -1.6 0
Car 0 0 -10 255.55 638.41 579.14 771.31 2.54 2.53 5.75 -10.27 2.36 41.2 -3.15 0
Car 0 0 -10 0 0 0 0 2.2 2.22 4.93 -9.22 1.47 -65.74 -3.25 0
Car 0 0 -10 1177.41 698.94 1568.29 983.87 1.86 1.99 4.64 3.18 2.29 16.29 -1.6 0
Car 0 0 -10 0 0 0 0 1.77 2.03 4.63 9.82 1.33 -63.91 -0.04 0
Car 0 0 -10 1487.73 656.94 1920.0 863.34 2.01 2.21 5.2 8.53 2.11 21.35 -0.04 0
Car 0 0 -10 0 0 0 0 2.06 1.93 5.12 8.85 1.59 -41.24 -0.04 0
Car 0 0 -10 0 0 0 0 1.68 2.1 4.83 3.38 2.12 -11.1 -1.57 0
Car 0 0 -10 0 0 0 0 1.73 2.09 4.81 -10.17 1.67 -41.62 -3.14 0
Car 0 0 -10 0.0 664.72 253.47 878.29 2.05 2.32 5.3 -10.01 2.22 21.21 -3.16 0
Car 0 0 -10 419.35 247.18 1154.62 886.0 2.11 2.26 5.64 -9.74 2.14 -0.97 -0.03 3
Car 0 0 -10 1161.19 661.15 1358.23 745.64 2.14 2.15 4.75 8.16 2.48 53.73 -0.01 0
Car 0 0 -10 668.26 688.63 764.51 761.55 1.69 2.25 4.81 -5.57 2.71 51.81 1.49 0
Car 0 0 -10 742.74 677.92 818.83 732.8 1.7 2.21 4.63 -5.18 2.66 67.18 -1.59 0
Car 0 0 -10 0 0 0 0 1.83 2.09 4.81 -16.76 1.34 -39.06 -3.14 0
Car 0 0 -10 0 0 0 0 2.46 2.22 5.66 -9.38 1.91 -22.74 -3.1 0
