Car 0 0 -10 0 0 0 0 1.87 2.1 4.51 0.86 1.59 -28.54 0.89 0
Pedestrian 0 0 -10 0 0 0 0 1.33 1.05 1.43 -37.3 2.31 -34.63 -1.57 0
Car 0 0 -10 0 0 0 0 1.7 2.13 4.67 -2.22 1.68 -31.02 0.95 0
Car 0 0 -10 0 0 0 0 1.72 2.08 4.86 -28.69 2.31 -30.94 1.56 0
Car 0 0 -10 0 0 0 0 2.42 2.7 6.04 11.41 1.32 -23.02 0.48 0
Car 0 0 -10 0 0 0 0 1.9 2.2 4.39 10.98 1.25 -25.66 0.44 0
Car 0 0 -10 0 0 0 0 2.0 2.47 5.74 6.11 1.57 -23.19 0.5 0
Car 0 0 -10 0 0 0 0 3.37 2.81 9.36 -6.11 2.28 -0.97 1.57 0
Car 0 0 -10 0 0 0 0 2.01 2.13 4.68 6.48 1.62 -20.41 0.46 0
Car 0 0 -10 928.7 675.95 1052.06 735.12 1.77 1.99 4.41 1.54 2.62 64.82 -1.05 0
Car 0 0 -10 0 0 0 0 2.22 2.59 6.17 -6.0 2.21 -8.8 1.56 0
Car 0 0 -10 0 0 0 0 1.85 2.11 4.54 -40.06 2.28 -36.96 -4.71 0
Car 0 0 -10 0 0 0 0 1.52 2.14 5.05 4.55 1.87 -14.57 -1.47 0
Car 0 0 -10 1714.82 302.64 1920.0 886.0 1.63 2.04 4.45 6.92 1.83 -4.36 0.0 4
Car 0 0 -10 0 0 0 0 2.3 2.59 5.75 4.08 1.64 -25.4 -2.56 0
Cyclist 0 0 -10 0 0 0 0 1.1 0.6 1.2 -36.36 2.36 -33.18 1.31 0
Car 0 0 -10 0 0 0 0 2.2 2.34 5.48 -24.74 2.25 -30.97 1.53 0
Car 0 0 -10 506.96 702.38 675.17 813.36 1.76 1.95 4.39 -6.06 2.72 36.48 -4.65 0
