Car 0 0 -10 158.3 649.12 568.13 811.61 1.85 2.29 5.03 -7.49 1.99 26.51 -2.61 0
Car 0 0 -10 1075.88 639.2 1156.45 685.92 1.49 2.24 4.88 6.04 1.45 70.94 -1.6 0
Car 0 0 -10 0 0 0 0 1.78 2.04 4.74 -6.85 2.88 -44.67 1.55 0
Car 0 0 -10 0 0 0 0 2.03 2.6 6.29 6.91 2.74 -41.21 -1.57 0
Pedestrian 0 0 -10 0 0 0 0 1.65 0.71 0.55 -11.32 2.73 -34.32 -3.2 0
Car 0 0 -10 0.0 513.36 376.27 1054.82 2.81 2.77 7.82 -6.51 2.11 14.3 -4.68 0
Pedestrian 0 0 -10 1450.19 651.74 1502.79 739.4 1.62 0.75 0.64 -20.36 2.02 34.89 -4.71 1
Pedestrian 0 0 -10 1285.42 631.2 1307.26 678.36 1.59 0.7 0.72 12.14 1.25 70.07 -1.36 0
Car 0 0 -10 0 0 0 0 1.47 2.06 4.64 7.18 3.26 -70.12 -1.57 0
Pedestrian 0 0 -10 0 0 0 0 1.69 0.82 0.75 -10.12 2.47 -21.05 -1.46 0
Pedestrian 0 0 -10 1262.9 624.36 1295.64 692.0 1.9 0.84 0.93 9.65 1.42 58.49 -1.5 0
Car 0 0 -10 0 0 0 0 1.76 1.98 4.65 -7.04 2.62 -17.29 -4.7 0
Car 0 0 -10 0 0 0 0 1.4 2.12 4.87 -0.04 2.57 -41.28 -1.57 0
Pedestrian 0 0 -10 0 0 0 0 1.35 0.71 0.56 -10.5 2.42 -40.58 1.53 0
Car 0 0 -10 570.07 666.57 933.88 796.31 1.46 1.96 4.66 17.64 1.79 21.23 -0.04 2
Car 0 0 -10 947.88 631.81 1232.75 754.39 1.75 1.88 4.56 24.42 1.59 21.27 -0.01 2
Pedestrian 0 0 -10 1240.92 624.45 1266.28 674.47 1.68 0.74 0.94 10.64 1.11 69.74 -1.54 0
Pedestrian 0 0 -10 1335.06 641.81 1382.23 703.16 1.65 1.0 1.0 11.54 1.67 56.72 -1.05 0
Pedestrian 0 0 -10 0 0 0 0 1.54 0.75 0.82 -9.55 2.49 -15.24 -1.52 0
Car 0 0 -10 0 0 0 0 1.52 1.83 4.25 -6.94 2.67 -22.64 1.54 0
Car 0 0 -10 887.5 642.67 971.44 713.2 1.51 1.87 4.36 -0.22 1.58 48.02 -1.58 0
Car 0 0 -10 763.47 659.87 995.63 857.8 1.71 2.12 4.31 -0.57 1.95 20.98 -1.59 0
Car 0 0 -10 0 0 0 0 1.61 1.94 4.56 -7.06 2.51 -11.47 1.56 0
Car 0 0 -10 0 0 0 0 1.87 2.11 4.66 6.87 2.36 -8.83 -1.57 0
Pedestrian 0 0 -10 0 0 0 0 1.35 0.73 0.6 -9.76 2.33 -27.91 -1.51 0
Car 0 0 -10 1150.26 654.93 1516.78 800.9 1.68 2.05 4.45 -15.67 2.06 22.97 0.02 1
Pedestrian 0 0 -10 0 0 0 0 1.73 0.83 0.62 10.86 2.35 -15.8 -4.69 0
Car 0 0 -10 0 0 0 0 1.64 2.13 4.6 4.8 2.46 -21.34 -1.7 0
Car 0 0 -10 0 0 0 0 1.47 2.02 4.27 3.74 2.66 -36.72 -1.53 0
Pedestrian 0 0 -10 0 0 0 0 1.35 0.74 0.64 -10.91 2.48 -52.67 1.51 0
Car 0 0 -10 0 0 0 0 1.61 2.21 4.79 -6.52 3.42 -69.17 1.55 0
Car 0 0 -10 0 0 0 0 2.17 2.78 6.63 7.09 2.63 -47.95 -1.57 0
Car 0 0 -10 0 0 0 0 1.85 2.17 4.92 -6.74 3.3 -63.32 1.52 0
Car 0 0 -10 0 0 0 0 1.47 2.06 4.64 6.78 2.74 -34.27 -1.57 0
Car 0 0 -10 876.43 643.13 1105.46 720.8 1.47 2.19 4.69 31.07 1.49 29.83 -3.19 2
Pedestrian 0 0 -10 0 0 0 0 1.35 0.7 0.59 -9.04 2.45 -54.7 -4.55 0
Car 0 0 -10 0 0 0 0 2.24 1.95 4.58 -6.95 2.75 -31.08 1.53 0
Car 0 0 -10 0 0 0 0 1.87 2.27 5.09 -6.76 3.29 -75.11 1.49 0
Car 0 0 -10 0 0 0 0 1.57 2.06 4.9 4.1 2.88 -54.25 -1.62 0
Car 0 0 -10 0.0 144.69 1528.88 1280.0 3.42 2.99 8.61 -6.98 2.22 5.38 -4.7 1
Pedestrian 0 0 -10 1619.59 657.95 1696.39 759.23 1.61 0.92 0.88 11.77 1.89 33.76 -3.27 0
Car 0 0 -10 0 0 0 0 1.43 2.06 4.64 6.76 2.63 -27.99 -1.57 0
Car 0 0 -10 1118.53 646.46 1240.96 711.14 1.48 2.23 4.95 6.03 1.65 52.32 -1.64 0
Car 0 0 -10 666.66 636.23 752.1 693.69 1.79 2.22 4.64 -7.62 1.66 68.55 -4.69 0
Car 0 0 -10 855.85 418.79 1920.0 886.0 1.54 2.21 4.97 6.79 2.28 -2.08 -1.61 4
Pedestrian 0 0 -10 1266.02 631.0 1285.95 678.75 1.62 0.64 0.63 11.51 1.27 70.4 -1.36 0
Pedestrian 0 0 -10 1370.23 642.88 1395.21 704.48 1.6 0.59 0.53 11.61 1.64 53.96 0.01 0
Car 0 0 -10 0.0 379.18 523.02 886.0 1.71 2.21 4.81 -7.07 2.46 -4.29 1.5 3
Car 0 0 -10 701.39 641.19 769.66 686.87 1.54 2.13 5.0 -7.4 1.58 75.02 1.54 0
Pedestrian 0 0 -10 1584.27 634.18 1627.27 723.94 1.76 0.76 0.6 13.22 1.62 40.9 -0.03 0
Car 0 0 -10 611.4 655.3 704.7 717.91 1.4 2.11 4.36 -6.98 1.8 51.36 1.47 0
Pedestrian 0 0 -10 1234.07 620.89 1260.2 672.97 1.73 0.8 1.0 10.3 1.05 68.93 -1.5 0
Car 0 0 -10 0 0 0 0 1.65 2.17 4.92 -6.87 3.27 -56.86 1.52 0
Car 0 0 -10 1155.47 638.24 1297.74 727.26 1.82 2.4 4.96 6.34 1.78 46.08 -1.59 0
Car 0 0 -10 1108.45 642.77 1194.18 697.75 1.48 2.12 4.61 6.15 1.56 60.25 -1.56 0
Pedestrian 0 0 -10 240.08 661.91 297.48 749.9 1.6 0.76 0.76 -12.43 2.0 38.04 -4.59 0
Pedestrian 0 0 -10 0 0 0 0 1.36 0.47 0.42 11.71 2.79 -60.03 1.52 0
Car 0 0 -10 569.58 649.61 859.1 747.61 1.6 2.17 4.99 23.75 1.69 29.76 -3.15 2
Pedestrian 0 0 -10 1681.59 648.05 1788.76 778.05 1.84 1.07 1.27 11.66 1.95 30.21 1.53 0
Car 0 0 -10 0 0 0 0 1.52 2.16 4.92 0.78 2.36 -21.0 -1.71 0
Car 0 0 -10 0 0 0 0 1.62 2.17 4.92 -6.9 3.17 -50.9 1.52 0
Car 0 0 -10 646.32 649.27 733.97 702.67 1.48 2.15 4.62 -7.54 1.77 62.6 1.55 0
Pedestrian 0 0 -10 0 0 0 0 1.6 0.78 0.82 -10.44 2.51 -14.34 -1.61 0
Car 0 0 -10 0 0 0 0 1.9 2.22 5.04 6.7 2.47 -14.13 -1.57 0
Car 0 0 -10 0 0 0 0 1.94 2.24 5.29 -6.94 2.82 -37.65 1.52 0
Pedestrian 0 0 -10 17.5 699.25 271.74 1008.27 1.66 0.97 1.12 -11.98 2.18 5.1 1.48 1
