Pedestrian 0 0 -10 0 0 0 0 1.17 0.79 0.82 12.19 2.43 -39.95 -1.61 0
Pedestrian 0 0 -10 0 0 0 0 1.96 0.82 1.26 11.38 2.33 -25.82 1.51 0
Pedestrian 0 0 -10 0 0 0 0 0.67 0.62 0.27 10.35 2.19 -38.99 -3.06 0
Pedestrian 0 0 -10 344.12 307.4 507.98 687.91 1.73 0.72 0.59 -10.06 2.29 -2.88 -0.15 3
Pedestrian 0 0 -10 227.37 702.31 314.33 911.27 1.79 0.69 0.48 8.73 2.25 17.19 -3.1 2
Car 0 0 -10 888.21 657.65 1114.23 739.14 1.51 2.03 4.68 31.17 1.84 29.69 -3.16 2
Car 0 0 -10 1194.97 691.83 1665.01 859.36 1.56 2.0 4.99 -12.85 2.35 20.73 -0.07 1
Pedestrian 0 0 -10 0 0 0 0 1.87 0.9 1.13 10.8 2.73 -68.9 -1.65 0
Pedestrian 0 0 -10 1461.65 692.29 1486.05 744.44 1.15 0.35 0.41 11.97 2.3 46.24 -3.4 0
Pedestrian 0 0 -10 477.51 670.78 530.71 744.57 1.73 1.0 1.0 -10.49 2.46 49.57 -1.49 0
Pedestrian 0 0 -10 1248.7 665.85 1282.78 743.85 1.76 0.73 0.64 7.5 2.34 47.43 -3.19 0
Pedestrian 0 0 -10 0 0 0 0 1.77 0.98 1.13 -12.88 2.38 -16.61 1.08 0
Car 0 0 -10 657.39 649.55 752.93 715.72 1.78 2.08 5.2 -6.88 2.08 60.84 -4.69 0
Pedestrian 0 0 -10 1303.37 675.24 1331.76 746.07 1.59 0.61 0.57 8.64 2.38 47.13 -3.07 0
Pedestrian 0 0 -10 0 0 0 0 1.89 0.94 1.28 9.87 2.38 -30.88 -1.51 0
Pedestrian 0 0 -10 0 0 0 0 1.72 0.81 1.14 12.18 2.6 -66.04 -0.63 0
Pedestrian 0 0 -10 0 0 0 0 1.59 0.72 0.65 -9.24 2.37 -9.43 -1.13 0
Car 0 0 -10 822.14 700.24 1161.19 832.37 1.41 2.02 4.28 -18.78 2.48 19.61 -0.02 1
Car 0 0 -10 0 0 0 0 1.4 2.12 4.87 4.52 2.8 -57.02 -1.2 0
Pedestrian 0 0 -10 1310.17 648.27 1346.86 739.69 2.2 0.77 0.69 9.48 2.38 50.25 -1.55 0
Car 0 0 -10 1511.97 632.77 1721.74 726.44 1.68 1.97 4.47 37.51 1.59 19.35 0.02 2
Pedestrian 0 0 -10 0 0 0 0 1.83 0.81 1.1 12.11 2.27 -28.84 -1.57 0
Car 0 0 -10 1034.75 679.21 1283.08 776.56 1.56 1.94 4.27 -24.04 2.57 29.76 -3.2 1
Pedestrian 0 0 -10 529.78 781.67 597.11 859.74 0.65 0.37 0.52 10.84 1.89 15.8 -4.69 2
Car 0 0 -10 1112.92 670.67 1420.45 799.44 1.71 2.12 4.31 -18.85 2.41 25.9 -3.12 1
Car 0 0 -10 0 0 0 0 1.6 2.17 4.65 -7.63 2.94 -76.81 -4.71 0
Pedestrian 0 0 -10 0 0 0 0 1.69 0.64 0.67 -13.24 2.33 -24.0 -4.67 0
Car 0 0 -10 0 0 0 0 1.44 2.02 4.81 -7.11 2.75 -55.53 -4.71 0
Pedestrian 0 0 -10 0 0 0 0 1.9 1.04 1.19 9.75 2.55 -45.95 1.5 0
Pedestrian 0 0 -10 1458.34 664.77 1487.94 741.78 1.71 0.72 0.53 12.09 2.26 46.76 -3.07 0
Cyclist 0 0 -10 0.0 697.67 39.47 930.82 1.66 0.66 1.83 -7.93 2.14 15.77 -1.33 0
Pedestrian 0 0 -10 386.38 661.35 448.55 744.7 1.91 1.0 1.0 -12.31 2.4 48.47 -4.21 0
Car 0 0 -10 678.46 667.13 915.25 757.7 1.5 1.73 4.33 25.34 1.95 29.38 -3.16 2
Car 0 0 -10 0 0 0 0 1.73 2.09 4.25 -7.5 2.92 -70.48 -4.71 0
Car 0 0 -10 0 0 0 0 2.05 2.15 5.21 -7.21 2.68 -36.33 1.53 0
Car 0 0 -10 914.18 650.48 1252.96 785.99 1.7 2.16 4.68 22.23 1.84 19.55 0.02 2
Pedestrian 0 0 -10 0 0 0 0 1.67 0.73 0.94 9.45 2.39 -26.88 -4.58 0
Pedestrian 0 0 -10 229.09 705.29 360.45 937.27 1.76 0.82 0.73 8.04 2.22 15.41 -3.07 2
Car 0 0 -10 0 0 0 0 1.64 2.01 4.02 6.47 2.83 -74.66 -1.6 0
Pedestrian 0 0 -10 220.69 692.22 313.65 919.03 1.87 0.74 0.55 8.39 2.23 16.59 -2.98 2
Car 0 0 -10 326.83 232.07 424.04 282.29 1.62 2.01 4.53 69.06 0.94 19.42 -0.02 4
Car 0 0 -10 0 0 0 0 1.4 2.01 4.1 -0.16 2.74 -70.11 -1.57 0
Pedestrian 0 0 -10 1416.51 666.44 1452.13 745.67 1.74 0.65 0.49 11.08 2.31 46.19 0.82 0
Pedestrian 0 0 -10 1467.78 669.92 1495.22 743.79 1.61 0.58 0.49 12.03 2.26 45.82 -3.07 0
Pedestrian 0 0 -10 0 0 0 0 1.81 0.9 1.23 9.66 2.48 -35.69 -1.66 0
Pedestrian 0 0 -10 1524.88 663.23 1587.5 762.98 1.81 0.81 0.95 11.52 2.24 38.6 -1.69 0
Pedestrian 0 0 -10 0 0 0 0 1.62 0.96 0.82 -11.02 2.34 -11.5 -0.42 0
Pedestrian 0 0 -10 0 0 0 0 1.83 0.79 1.21 10.75 2.33 -26.54 1.49 0
Pedestrian 0 0 -10 457.12 703.79 569.6 876.82 1.55 0.66 0.88 10.93 2.09 16.76 -4.69 2
Car 0 0 -10 596.25 622.71 737.31 754.03 3.05 2.27 6.92 -6.74 2.61 51.73 -4.67 0
Pedestrian 0 0 -10 1431.76 675.31 1464.35 744.01 1.53 0.62 0.37 11.5 2.31 46.67 1.13 0
Car 0 0 -10 1087.77 642.64 1297.22 725.18 1.73 2.05 5.12 37.46 1.77 29.65 -3.16 2
Car 0 0 -10 1657.87 632.91 1838.15 714.33 1.62 2.0 4.3 43.26 1.55 19.28 0.02 2
Car 0 0 -10 726.79 664.86 822.64 735.89 1.65 2.02 4.83 -4.26 2.34 53.83 -4.7 0
Pedestrian 0 0 -10 0 0 0 0 1.45 0.88 0.92 -10.87 2.61 -38.27 -1.62 0
Car 0 0 -10 744.3 628.33 862.92 729.63 2.88 2.98 6.65 -4.06 2.52 62.87 -4.69 0
Pedestrian 0 0 -10 0 0 0 0 1.53 0.78 0.73 11.54 2.42 -39.84 -1.64 0
Pedestrian 0 0 -10 0 0 0 0 1.55 0.65 0.88 10.52 2.46 -39.89 -1.52 0
Car 0 0 -10 1189.73 650.04 1482.29 762.95 1.62 2.28 4.71 28.18 1.81 19.4 0.02 2
Car 0 0 -10 1854.42 612.32 1920.0 679.07 1.62 1.93 4.24 54.1 1.05 19.41 0.02 2
Pedestrian 0 0 -10 0 0 0 0 1.73 0.89 0.91 11.26 2.12 -7.64 -3.28 0
Pedestrian 0 0 -10 0 0 0 0 1.72 0.83 1.09 11.1 2.52 -59.53 -1.55 0
Pedestrian 0 0 -10 0 0 0 0 1.58 0.83 0.99 8.96 2.24 -8.5 1.53 0
Car 0 0 -10 1562.09 695.01 1907.67 887.8 1.51 1.95 4.37 7.97 2.13 20.46 -0.88 0
Pedestrian 0 0 -10 1244.44 656.19 1276.71 717.89 1.96 0.91 0.78 10.36 2.46 66.48 -1.58 0
Pedestrian 0 0 -10 0.0 686.67 100.89 856.17 1.69 0.88 1.01 -9.33 2.18 21.11 -1.67 0
