Car 0 0 -10 153.94 695.59 325.21 771.86 1.68 2.12 6.05 -17.67 2.53 51.75 -4.7 0
Car 0 0 -10 0 0 0 0 1.51 1.98 5.06 -0.1 2.1 -68.84 -1.41 0
Car 0 0 -10 0 0 0 0 1.88 2.18 4.68 -2.91 2.22 -46.79 -1.6 0
Car 0 0 -10 0 0 0 0 1.85 2.18 4.86 -2.93 2.14 -14.03 -1.59 0
Car 0 0 -10 0 0 0 0 1.46 2.15 4.61 13.08 1.29 -18.23 -3.2 0
Car 0 0 -10 0 0 0 0 2.22 2.8 6.61 23.17 1.08 -58.17 -3.17 0
Car 0 0 -10 500.95 621.21 838.98 783.42 1.93 2.02 3.89 16.47 1.42 21.39 -0.02 2
Car 0 0 -10 0 0 0 0 1.92 2.08 4.73 25.25 0.76 -27.18 0.01 0
Car 0 0 -10 0 0 0 0 1.01 0.59 1.31 -24.74 2.79 -12.6 -0.3 0
Car 0 0 -10 1313.13 156.48 1621.23 249.89 1.45 1.98 4.5 33.43 0.3 -8.06 -4.71 4
Car 0 0 -10 769.38 610.75 1063.51 754.26 1.93 1.88 4.09 20.94 1.25 21.43 -0.01 2
Car 0 0 -10 1757.53 137.28 1920.0 291.75 1.75 2.07 4.38 25.62 0.69 -11.87 -0.09 4
Car 0 0 -10 0 0 0 0 1.75 2.11 4.59 -2.77 2.11 -21.6 -1.6 0
Car 0 0 -10 235.66 298.84 450.26 367.03 1.57 1.87 4.73 -51.47 3.56 -15.58 1.56 3
Car 0 0 -10 274.45 296.46 458.21 368.66 1.77 1.85 4.25 -54.38 3.81 -15.86 1.56 3
Car 0 0 -10 404.2 686.67 499.48 737.66 1.67 2.03 5.14 -17.7 2.53 73.57 -4.7 0
Car 0 0 -10 0 0 0 0 1.6 1.82 4.59 25.67 0.76 -32.88 -0.07 0
Car 0 0 -10 924.15 315.55 1019.61 397.26 1.71 2.28 4.79 -52.23 4.21 -0.14 -3.14 3
Car 0 0 -10 0 0 0 0 1.77 2.07 4.51 -2.98 2.1 -29.7 -1.6 0
Car 0 0 -10 510.96 718.52 779.03 848.71 1.88 1.97 4.92 -29.46 3.17 21.16 -0.02 1
Car 0 0 -10 0 0 0 0 2.06 2.46 5.01 -3.27 2.19 -38.18 -1.6 0
Car 0 0 -10 0 0 0 0 1.79 2.17 4.82 -2.59 2.01 -61.54 -1.6 0
Pedestrian 0 0 -10 0 0 0 0 1.0 0.92 0.94 -24.33 2.97 -13.97 -1.48 0
Car 0 0 -10 34.46 717.05 198.99 792.31 1.4 1.96 3.98 -17.58 2.58 43.7 1.56 0
Car 0 0 -10 0 0 0 0 1.8 2.24 5.34 0.02 2.12 -8.69 -1.58 0
Pedestrian 0 0 -10 1025.23 656.07 1081.46 753.8 1.95 0.82 1.19 2.03 1.81 42.2 -1.23 0
Car 0 0 -10 0 0 0 0 1.45 2.08 4.72 25.73 0.68 -22.12 0.04 0
Car 0 0 -10 577.79 261.6 864.66 392.61 1.88 2.54 4.1 -32.32 2.56 -3.92 -1.57 3
Car 0 0 -10 0 0 0 0 1.61 2.2 4.04 12.77 1.58 -15.39 -3.19 0
Car 0 0 -10 0 0 0 0 1.62 2.07 4.93 -2.71 2.03 -54.69 -1.6 0
Pedestrian 0 0 -10 1468.03 316.83 1518.56 407.03 1.75 0.81 0.71 -41.65 3.67 10.27 -0.04 3
Car 0 0 -10 1613.21 576.57 1789.02 655.72 1.73 2.16 4.58 46.37 0.05 21.5 -0.01 2
Car 0 0 -10 0 0 0 0 1.67 1.89 4.62 5.6 1.89 -47.52 -3.11 0
Car 0 0 -10 0 0 0 0 1.62 1.88 4.14 -2.68 2.08 -0.05 -1.56 0
Car 0 0 -10 0 0 0 0 1.46 2.18 4.68 -2.81 2.09 -5.59 -1.58 0
Car 0 0 -10 320.32 700.17 425.27 752.96 1.48 1.99 4.13 -17.76 2.65 63.74 -4.7 0
Car 0 0 -10 96.36 725.09 628.64 885.47 1.49 1.97 4.92 -5.95 2.16 21.31 -0.01 0
Car 0 0 -10 1462.95 223.01 1920.0 538.1 1.69 2.12 4.67 13.53 1.66 -4.97 -3.16 4
Car 0 0 -10 352.72 308.42 530.93 369.74 1.64 1.93 4.68 -60.32 4.25 -15.4 1.53 3
Car 0 0 -10 1222.15 157.14 1501.52 237.51 1.49 2.15 4.92 40.02 0.13 -7.62 1.51 4
Car 0 0 -10 1914.07 577.2 1920.0 632.86 1.51 1.93 5.15 64.25 -0.55 21.15 0.01 2
