Car 0 0 -10 817.67 702.06 1141.04 838.68 2.09 2.39 5.85 -26.85 3.09 26.6 -3.15 1
Car 0 0 -10 0.0 720.0 50.81 842.94 1.62 1.79 4.43 -15.41 2.46 29.36 -3.15 0
Car 0 0 -10 173.99 690.53 338.45 763.86 1.68 2.12 6.05 -17.77 2.42 53.31 -4.7 0
Car 0 0 -10 0 0 0 0 1.88 2.18 4.68 -2.86 2.34 -45.29 -1.6 0
Car 0 0 -10 1296.57 591.6 1519.35 673.46 1.55 1.97 5.09 36.22 0.33 22.93 -0.01 2
Car 0 0 -10 0 0 0 0 1.85 2.18 4.86 -2.89 2.18 -12.55 -1.59 0
Car 0 0 -10 0 0 0 0 1.46 2.15 4.61 13.12 1.29 -16.77 -3.2 0
Car 0 0 -10 0 0 0 0 2.22 2.8 6.61 23.23 1.15 -56.68 -3.16 0
Car 0 0 -10 0.0 729.2 78.91 804.31 1.93 2.02 3.89 -62.51 4.54 22.79 -0.01 1
Car 0 0 -10 0 0 0 0 1.92 2.08 4.73 25.29 0.92 -25.68 0.01 0
Car 0 0 -10 0 0 0 0 1.7 1.93 4.83 40.45 0.44 -64.2 -0.02 0
Car 0 0 -10 1217.38 151.82 1519.4 245.16 1.45 1.98 4.5 33.46 0.23 -6.46 -4.71 4
Car 0 0 -10 18.3 728.21 143.96 808.0 1.93 1.88 4.09 -58.05 4.36 22.85 -0.01 1
Car 0 0 -10 1647.1 133.29 1920.0 288.43 1.75 2.07 4.38 25.63 0.66 -10.38 -0.09 4
Car 0 0 -10 0 0 0 0 1.75 2.11 4.59 -2.71 2.14 -20.14 -1.6 0
Car 0 0 -10 291.77 306.02 505.06 374.62 1.57 1.87 4.73 -51.43 3.74 -14.22 1.56 3
Car 0 0 -10 327.53 303.6 510.0 376.14 1.77 1.85 4.25 -54.34 3.99 -14.5 1.56 3
Car 0 0 -10 411.95 677.44 504.78 726.75 1.67 2.03 5.14 -17.81 2.2 75.04 -4.7 0
Car 0 0 -10 0 0 0 0 1.6 1.82 4.59 25.69 0.79 -31.39 -0.07 0
Car 0 0 -10 1280.49 672.42 1686.33 792.7 1.44 1.92 4.69 6.65 1.57 26.47 -3.14 0
Car 0 0 -10 982.65 311.11 1078.76 392.36 1.71 2.28 4.79 -52.24 4.1 1.25 -3.14 3
Car 0 0 -10 0 0 0 0 1.77 2.07 4.51 -2.93 2.16 -27.96 -1.6 0
Car 0 0 -10 0 0 0 0 2.06 2.46 5.01 -3.15 2.31 -37.29 -1.6 0
Car 0 0 -10 0 0 0 0 1.79 2.17 4.82 -2.46 2.2 -60.04 -1.6 0
Car 0 0 -10 60.8 707.85 218.68 779.84 1.4 1.96 3.98 -17.63 2.41 45.12 1.56 0
Car 0 0 -10 79.92 691.26 513.82 841.35 1.79 1.95 4.93 -8.27 2.17 26.44 -3.14 0
Car 0 0 -10 0 0 0 0 1.8 2.24 5.34 0.21 2.41 -34.77 -1.59 0
Car 0 0 -10 807.19 673.16 871.23 726.42 1.61 1.85 4.44 -3.62 1.95 66.29 -1.59 0
Pedestrian 0 0 -10 371.67 678.21 443.0 782.34 1.95 0.82 1.19 -10.39 2.24 39.58 -0.11 0
Car 0 0 -10 0 0 0 0 1.45 2.08 4.72 25.7 0.64 -20.63 0.03 0
Car 0 0 -10 669.76 265.09 949.12 396.12 1.88 2.54 4.1 -32.37 2.61 -2.58 -1.57 3
Car 0 0 -10 726.99 681.71 875.92 766.3 1.59 1.97 4.78 -3.22 2.0 42.88 -1.89 0
Car 0 0 -10 0 0 0 0 1.61 2.2 4.04 12.74 1.59 -13.95 -3.19 0
Car 0 0 -10 0.0 318.41 228.33 558.83 1.81 2.03 4.15 -17.69 2.71 -8.83 1.53 3
Car 0 0 -10 0.0 733.5 301.52 888.31 1.53 1.9 4.9 -9.85 2.34 22.65 -0.02 0
Car 0 0 -10 0 0 0 0 1.62 2.07 4.93 -2.61 2.2 -53.22 -1.59 0
Pedestrian 0 0 -10 1404.15 315.69 1446.74 387.26 1.75 0.81 0.71 -52.69 4.15 11.28 -0.28 3
Pedestrian 0 0 -10 961.54 323.37 994.25 396.62 1.75 0.8 0.84 -51.55 4.32 -0.02 -3.13 3
Car 0 0 -10 226.91 728.19 409.95 818.1 1.73 2.16 4.58 -44.32 3.71 22.86 0.01 1
Car 0 0 -10 0 0 0 0 1.67 1.89 4.62 7.89 1.92 -46.17 -2.95 0
Car 0 0 -10 700.4 727.67 910.19 806.23 1.41 1.86 4.73 -34.84 3.19 29.32 -3.17 1
Car 0 0 -10 0.0 853.13 1791.29 1280.0 1.62 1.88 4.14 -2.61 2.1 1.37 -1.57 1
Car 0 0 -10 578.48 621.43 885.48 725.81 1.61 2.11 4.8 21.87 0.96 26.79 -3.14 2
Car 0 0 -10 0 0 0 0 1.46 2.18 4.68 -2.84 2.11 -4.56 -1.59 0
Car 0 0 -10 1569.12 314.46 1668.2 365.78 1.49 1.97 4.92 -72.92 4.85 22.4 0.0 3
Car 0 0 -10 1271.95 217.66 1802.67 533.1 1.69 2.12 4.67 13.55 1.63 -3.51 -3.16 4
Car 0 0 -10 400.65 310.73 577.46 372.2 1.64 1.93 4.68 -60.28 4.32 -14.05 1.52 3
Car 0 0 -10 1146.77 149.7 1422.82 230.64 1.49 2.15 4.92 39.95 -0.0 -6.11 1.51 4
Car 0 0 -10 540.49 739.01 801.4 844.61 1.51 1.93 5.15 -30.5 3.25 22.46 0.0 1
Car 0 0 -10 193.94 736.1 335.24 799.74 1.45 1.83 4.66 -54.46 4.06 26.53 -3.15 1
