Car 0 0 -10 92.49 665.1 310.32 739.07 1.82 2.34 5.05 -18.9 1.98 53.12 -3.37 0
Car 0 0 -10 1013.41 695.44 1379.01 852.79 1.61 2.08 4.11 -15.94 2.16 19.41 -3.01 1
Car 0 0 -10 0.0 242.53 52.14 608.1 2.07 2.08 5.14 -14.07 2.21 -8.59 -3.12 3
Pedestrian 0 0 -10 351.73 687.35 388.21 735.8 1.33 0.88 0.72 -15.96 2.11 57.89 -1.69 0
Car 0 0 -10 0 0 0 0 1.78 1.97 4.82 -15.55 2.27 -32.12 -3.04 0
Car 0 0 -10 657.55 230.58 978.23 492.49 2.2 2.46 5.57 -20.66 2.24 -1.6 0.04 3
Car 0 0 -10 0 0 0 0 2.08 2.24 5.43 6.75 2.11 -40.35 0.24 0
Pedestrian 0 0 -10 366.0 681.97 404.78 746.49 1.65 0.94 0.85 -14.48 2.24 53.96 -1.87 0
Car 0 0 -10 100.6 658.64 311.5 736.08 2.04 2.45 5.22 -20.02 2.03 56.59 -3.38 0
Pedestrian 0 0 -10 344.25 697.02 377.93 740.42 1.14 0.8 0.72 -15.57 2.15 55.62 -1.75 0
