Car 0 0 -10 0.0 283.32 294.7 643.97 1.82 2.34 5.05 -13.89 2.28 -6.52 -3.18 3
Car 0 0 -10 0 0 0 0 1.61 2.08 4.11 -17.5 2.45 -40.17 -2.82 0
Car 0 0 -10 0 0 0 0 2.07 2.08 5.14 -21.12 2.54 -67.95 -2.93 0
Car 0 0 -10 465.13 658.79 644.22 724.94 1.98 2.02 5.11 -11.96 1.97 64.38 0.06 0
Pedestrian 0 0 -10 1536.39 417.54 1716.69 731.14 1.33 0.88 0.72 -9.98 2.27 2.85 -1.37 3
Car 0 0 -10 0 0 0 0 2.2 2.46 5.57 -26.25 2.49 -59.87 0.24 0
Car 0 0 -10 227.57 710.01 713.64 862.63 1.55 2.03 4.97 -5.16 2.16 23.31 0.01 0
Car 0 0 -10 354.42 676.33 556.45 737.4 1.51 2.05 4.75 -12.71 1.98 54.42 -3.06 0
Pedestrian 0 0 -10 1186.42 363.33 1434.4 780.16 1.65 0.94 0.85 -9.18 2.27 1.24 -1.63 3
Car 0 0 -10 253.37 253.05 770.04 642.34 2.04 2.45 5.22 -14.18 2.26 -2.9 -3.18 3
Pedestrian 0 0 -10 1356.6 460.57 1544.72 730.01 1.14 0.8 0.72 -10.02 2.29 2.04 -1.53 3
