Car 0 0 -10 980.67 591.72 1241.19 701.11 1.81 1.98 4.84 28.0 1.04 24.18 -0.0 2
Car 0 0 -10 1911.88 614.27 1920.0 746.21 1.51 1.99 4.66 27.88 1.02 8.31 -0.05 2
Car 0 0 -10 1636.92 667.17 1805.12 709.26 1.27 1.96 4.57 23.51 1.92 64.14 -0.12 0
Car 0 0 -10 1317.09 189.17 1591.09 280.09 1.95 2.3 5.79 47.68 0.3 -10.67 -4.69 4
Car 0 0 -10 1485.26 612.0 1799.17 728.61 1.5 2.22 5.34 27.75 1.03 13.81 -0.01 2
Car 0 0 -10 1330.38 611.26 1620.86 719.88 1.51 2.09 4.91 27.8 1.04 16.6 0.0 2
Car 0 0 -10 1880.32 654.95 1920.0 707.11 1.39 2.0 4.84 27.89 1.62 56.08 -0.07 0
Car 0 0 -10 1432.71 216.63 1715.62 305.06 1.53 2.25 4.74 38.81 0.62 -10.93 -1.51 4
Car 0 0 -10 0 0 0 0 1.45 1.98 4.8 18.7 0.67 -24.49 1.57 0
Car 0 0 -10 1115.46 600.77 1364.37 709.53 1.71 2.04 4.36 28.14 1.08 21.4 -0.03 2
Car 0 0 -10 1330.82 222.12 1556.95 288.8 1.52 2.22 5.03 50.79 0.54 -11.16 -1.58 4
Car 0 0 -10 1910.69 650.59 1920.0 710.14 1.51 2.13 4.83 27.53 1.62 53.27 0.02 0
Car 0 0 -10 1471.88 132.53 1799.06 348.2 2.46 2.42 6.33 27.33 0.85 -8.31 0.01 4
Car 0 0 -10 478.26 619.89 707.15 692.02 1.57 2.0 4.97 27.93 1.37 40.0 -0.02 2
Car 0 0 -10 0 0 0 0 1.56 2.02 4.42 5.79 1.73 -16.0 -2.99 0
Car 0 0 -10 1541.9 671.79 1701.25 717.42 1.41 2.15 4.98 -34.19 3.61 63.76 -0.49 1
Car 0 0 -10 1676.84 632.57 1867.34 690.34 1.87 2.3 5.54 26.79 1.44 68.43 -0.03 0
Car 0 0 -10 851.77 250.6 1070.19 320.73 1.5 1.85 4.62 -47.99 2.58 -0.88 1.12 3
Car 0 0 -10 587.06 605.43 805.24 685.96 1.72 1.99 4.71 29.01 1.18 37.52 -0.03 2
Car 0 0 -10 365.26 614.06 626.22 697.87 1.95 2.44 5.9 28.33 1.65 44.69 -3.12 2
Car 0 0 -10 1735.04 220.23 1907.16 277.57 1.61 1.95 4.44 61.6 0.0 -24.88 -4.71 4
Car 0 0 -10 1785.84 223.9 1920.0 282.62 1.5 2.09 4.49 56.22 0.08 -24.41 1.56 4
Car 0 0 -10 749.96 232.82 958.2 304.51 1.81 1.87 5.12 -55.23 2.53 -3.73 1.12 3
Car 0 0 -10 1779.76 632.3 1920.0 701.84 2.03 2.45 5.69 27.72 1.62 61.59 -0.02 0
Car 0 0 -10 325.05 627.36 529.06 687.27 1.47 2.01 4.75 28.23 1.5 47.82 -0.01 2
Car 0 0 -10 461.27 189.92 679.98 311.06 1.46 2.05 4.52 27.82 0.9 5.69 0.01 4
Car 0 0 -10 880.83 622.49 1127.43 707.48 1.48 1.99 4.56 27.89 1.24 26.73 0.02 2
Car 0 0 -10 1836.05 653.79 1920.0 705.71 1.45 2.05 4.33 27.57 1.66 58.86 -0.01 0
Car 0 0 -10 1696.0 608.9 1920.0 736.37 1.56 2.0 4.58 27.92 1.02 11.04 0.02 2
Car 0 0 -10 1231.4 202.23 1391.16 253.89 1.66 2.22 5.03 70.83 -0.25 -11.09 -1.61 4
Car 0 0 -10 611.09 620.34 849.3 700.11 1.6 1.97 4.85 27.85 1.38 34.83 0.02 2
Car 0 0 -10 1540.29 675.8 1724.47 716.27 0.97 2.01 4.58 -27.12 2.84 51.07 -0.46 1
