Car 0 0 -10 1712.78 632.93 1874.6 687.3 1.81 1.98 4.84 28.28 1.39 70.26 -0.0 0
Car 0 0 -10 1915.78 640.57 1920.0 698.78 1.51 1.99 4.66 28.04 1.37 54.31 -0.05 0
Car 0 0 -10 1010.04 204.61 1303.43 305.03 1.59 2.06 4.86 35.35 0.79 -2.76 1.56 4
Car 0 0 -10 0 0 0 0 1.96 2.2 5.48 -63.38 1.86 -37.41 -3.2 0
Car 0 0 -10 1817.98 648.42 1920.0 701.42 1.5 2.22 5.34 27.99 1.58 59.89 -0.01 0
Car 0 0 -10 1790.99 639.04 1920.0 689.93 1.51 2.09 4.91 28.04 1.32 62.65 0.0 0
Car 0 0 -10 0 0 0 0 1.8 1.95 4.44 -29.48 1.89 -45.86 -3.23 0
Car 0 0 -10 1751.47 635.42 1906.23 688.83 1.71 2.04 4.36 28.35 1.38 67.49 -0.03 0
Car 0 0 -10 486.48 578.09 786.07 697.9 2.46 2.42 6.33 27.49 1.41 37.65 0.01 2
Car 0 0 -10 1483.05 595.48 1920.0 782.49 1.98 1.98 5.36 23.65 1.4 10.81 -4.7 2
Car 0 0 -10 1359.06 690.38 1705.83 805.3 1.56 2.02 4.42 8.14 2.21 29.7 -3.2 0
Car 0 0 -10 1778.9 619.86 1920.0 734.91 1.6 1.97 4.46 32.04 1.11 11.07 -1.58 2
Car 0 0 -10 326.5 195.55 610.19 282.78 1.58 1.95 5.1 40.13 0.9 10.2 -1.59 4
Car 0 0 -10 878.05 663.89 984.99 714.66 1.5 1.85 4.62 -47.84 3.23 45.27 1.12 1
Cyclist 0 0 -10 0 0 0 0 1.6 1.0 1.75 -15.37 2.14 -17.67 1.43 0
Car 0 0 -10 657.02 652.56 778.41 710.06 1.81 1.87 5.12 -55.08 3.19 42.41 1.12 1
Car 0 0 -10 0 0 0 0 1.83 1.87 4.53 -30.14 2.15 -35.64 -3.21 0
Car 0 0 -10 0 0 0 0 1.55 1.93 4.62 -36.85 2.2 -36.16 -3.21 0
Car 0 0 -10 925.2 173.87 1351.56 349.25 2.1 2.33 5.38 26.99 1.14 -1.78 -1.57 4
Car 0 0 -10 0 0 0 0 1.52 2.05 4.44 -24.29 2.02 -35.42 -3.23 0
Car 0 0 -10 246.53 624.49 436.88 680.98 1.46 2.05 4.52 27.97 1.44 51.83 0.01 2
Car 0 0 -10 1873.76 644.47 1920.0 701.89 1.56 2.0 4.58 28.07 1.53 57.15 0.02 0
Car 0 0 -10 0 0 0 0 1.63 2.11 5.02 -61.03 2.58 -47.54 -3.28 0
