Cyclist 0 0 -10 868.44 694.46 920.84 747.59 1.83 0.8 1.72 -2.1 3.08 72.69 -3.88 0
Pedestrian 0 0 -10 0 0 0 0 1.45 0.82 1.57 5.22 1.96 -6.89 -1.62 0
Car 0 0 -10 335.22 675.82 523.04 767.61 2.42 2.54 4.83 -14.24 2.93 56.87 -3.34 0
Car 0 0 -10 0.0 725.29 259.78 842.66 1.56 1.95 4.36 -12.26 2.54 29.45 -3.19 0
Car 0 0 -10 0 0 0 0 1.59 2.06 4.55 11.76 1.09 -48.14 -0.04 0
Pedestrian 0 0 -10 0 0 0 0 1.66 0.84 1.48 5.04 1.93 -11.2 -1.46 0
Car 0 0 -10 0 0 0 0 2.14 2.47 5.79 -10.62 1.8 -22.51 -3.13 0
Car 0 0 -10 474.81 679.45 1085.76 959.39 1.74 1.99 4.24 10.16 2.0 11.61 0.05 2
Car 0 0 -10 1023.46 273.16 1479.3 674.93 1.91 1.99 4.02 -12.52 2.21 0.96 -0.02 3
Car 0 0 -10 0 0 0 0 2.28 2.27 5.82 -12.38 1.27 -71.66 -3.07 0
Car 0 0 -10 587.4 597.29 1472.48 1035.73 2.16 2.58 5.86 10.12 1.95 8.83 -3.16 2
