Pedestrian 0 0 -10 188.59 718.02 238.31 794.65 1.45 0.82 1.57 19.83 2.99 39.01 -1.17 2
Car 0 0 -10 0 0 0 0 1.89 1.93 4.78 -49.4 0.78 -57.67 -3.85 0
Car 0 0 -10 0 0 0 0 1.75 1.88 4.24 -18.23 0.79 -48.28 0.71 0
Car 0 0 -10 1099.7 701.94 1720.41 932.45 1.59 2.06 4.55 14.77 2.02 9.06 0.34 2
Car 0 0 -10 0 0 0 0 1.52 1.91 4.54 -31.96 0.31 -61.86 0.82 0
Pedestrian 0 0 -10 1906.94 735.97 1920.0 836.22 1.66 0.84 1.48 16.59 3.0 35.64 -1.16 0
Car 0 0 -10 974.9 696.09 1299.54 810.81 2.14 2.47 5.79 3.63 2.88 41.25 -2.74 0
Car 0 0 -10 221.13 698.16 358.13 752.0 1.74 1.99 4.24 35.69 3.67 64.96 0.43 2
Car 0 0 -10 1228.64 709.35 1376.23 774.46 1.91 1.99 4.02 10.54 3.45 63.62 0.37 0
Car 0 0 -10 101.26 172.65 846.13 533.79 2.28 2.27 5.82 -16.37 1.84 -3.8 -2.68 3
Car 0 0 -10 197.39 679.31 397.38 748.23 2.16 2.58 5.86 34.61 3.39 62.49 -2.78 2
