Pedestrian 0 0 -10 249.75 663.44 343.15 794.19 1.74 0.91 1.05 -8.32 1.89 28.16 -0.1 0
Car 0 0 -10 1004.27 662.2 1144.83 752.31 1.78 2.12 4.69 3.47 2.02 44.1 -1.69 0
Pedestrian 0 0 -10 991.82 691.26 1135.07 907.07 1.61 0.76 0.82 -11.14 1.9 12.05 -3.15 1
Car 0 0 -10 0 0 0 0 1.86 1.8 4.39 -4.74 1.99 -56.06 1.55 0
Car 0 0 -10 803.2 672.98 916.54 743.92 1.34 2.05 4.71 -0.95 1.81 43.32 -4.68 0
Car 0 0 -10 1671.7 672.57 1920.0 840.69 1.85 2.26 4.98 11.85 2.13 24.24 -3.16 0
Car 0 0 -10 0 0 0 0 2.29 2.49 5.62 2.65 2.2 -1.82 -1.59 0
Car 0 0 -10 1015.35 680.15 1150.97 769.94 1.45 2.15 4.88 3.12 2.01 37.85 -1.56 0
Car 0 0 -10 470.68 675.5 819.19 811.73 1.81 2.12 4.77 18.97 2.26 24.56 -3.17 2
Car 0 0 -10 717.54 672.2 894.54 785.82 1.51 2.15 5.03 -1.44 1.85 31.25 -4.67 0
Car 0 0 -10 1827.43 677.83 1920.0 872.05 1.85 2.09 4.7 12.14 2.15 20.92 -3.15 0
Car 0 0 -10 0 0 0 0 2.05 2.06 5.07 2.3 2.06 -74.71 -1.53 0
Car 0 0 -10 0 0 0 0 1.6 2.01 4.81 -4.36 2.12 -25.31 1.54 0
Car 0 0 -10 1368.45 28.42 1920.0 1280.0 2.81 2.34 5.12 2.7 2.14 4.52 -1.56 0
Car 0 0 -10 671.68 553.6 1326.28 787.44 3.29 3.1 12.44 -24.71 1.79 24.59 -3.13 1
Car 0 0 -10 0 0 0 0 1.86 2.1 4.67 -0.33 2.0 -47.03 -1.59 0
Car 0 0 -10 0 0 0 0 1.99 2.28 5.15 -4.28 2.07 -18.78 1.53 0
Car 0 0 -10 722.3 605.34 1258.4 893.55 2.63 2.57 5.38 16.03 2.29 14.79 -0.0 2
Car 0 0 -10 746.86 658.68 819.74 720.63 1.79 1.95 4.32 -3.76 2.01 62.9 1.56 0
Car 0 0 -10 821.02 666.75 1389.0 910.53 1.94 2.32 5.25 -13.39 2.09 14.92 -0.0 1
Car 0 0 -10 571.5 672.47 742.71 781.43 1.6 2.17 4.87 -4.03 1.96 34.06 1.57 0
Car 0 0 -10 370.86 641.71 552.5 717.46 1.59 1.99 4.35 -41.38 1.37 25.1 -3.15 1
Car 0 0 -10 0.0 687.88 272.35 847.66 1.49 2.16 4.81 -9.28 1.88 21.26 -3.16 0
Car 0 0 -10 673.97 666.35 785.38 750.46 1.75 2.06 4.42 -3.93 2.09 46.28 1.57 0
Car 0 0 -10 764.25 656.16 833.22 714.24 1.83 2.11 4.8 -3.58 1.98 68.51 1.54 0
Car 0 0 -10 697.44 659.38 806.68 736.37 1.85 2.2 4.78 -3.94 2.05 53.03 -4.68 0
Car 0 0 -10 1014.65 619.54 1213.65 790.99 2.35 2.54 5.53 2.99 1.91 31.43 -1.57 0
Car 0 0 -10 0 0 0 0 1.45 1.97 4.39 -4.68 2.02 -73.08 1.52 0
Car 0 0 -10 1300.07 664.59 1702.13 816.53 1.8 2.36 4.78 -14.94 1.93 24.97 -3.11 1
Car 0 0 -10 0 0 0 0 1.5 1.97 4.39 -4.64 2.03 -50.61 1.57 0
Car 0 0 -10 523.26 680.91 923.3 847.58 1.63 2.12 4.62 -19.18 1.99 14.92 -0.04 1
Car 0 0 -10 0.0 705.64 1641.39 1280.0 1.98 2.4 4.94 -4.12 2.17 3.02 1.56 1
Car 0 0 -10 0 0 0 0 1.68 2.08 4.93 5.13 2.17 -26.41 -3.15 0
Pedestrian 0 0 -10 880.68 667.9 1049.16 907.8 1.75 0.8 1.02 -11.43 1.86 11.24 -3.14 1
Car 0 0 -10 0 0 0 0 1.58 2.02 4.21 2.4 2.2 -39.45 -1.53 0
Car 0 0 -10 1150.0 661.14 1291.64 713.35 1.55 1.73 4.08 9.62 1.86 63.89 -0.02 0
Car 0 0 -10 0 0 0 0 2.2 2.05 4.77 -4.8 2.05 -42.8 1.53 0
