Car 0 0 -10 1541.97 334.28 1920.0 886.0 1.78 2.12 4.69 2.94 2.17 -3.42 -1.7 4
Car 0 0 -10 734.72 660.48 802.63 717.28 1.74 1.95 4.17 -4.46 2.03 66.75 1.55 0
Car 0 0 -10 0 0 0 0 1.85 2.26 4.98 11.53 2.2 -23.77 -3.17 0
Car 0 0 -10 0 0 0 0 2.29 2.49 5.62 2.52 2.34 -49.95 -1.6 0
Car 0 0 -10 960.78 653.86 1048.97 726.81 2.04 2.42 5.37 2.81 2.11 61.35 -1.57 0
Car 0 0 -10 0 0 0 0 1.45 2.15 4.88 2.7 2.17 -10.08 -1.57 0
Car 0 0 -10 595.5 669.24 738.32 780.41 1.8 2.04 4.64 -4.22 2.14 36.88 1.55 0
Car 0 0 -10 1352.3 668.98 1637.58 783.96 1.66 1.76 3.84 8.92 1.94 31.76 -0.03 0
Pedestrian 0 0 -10 0 0 0 0 1.68 0.68 0.62 -6.96 2.24 -40.31 -0.96 0
Car 0 0 -10 1235.28 660.55 1421.41 733.89 1.62 1.76 3.91 9.68 1.83 47.94 -3.17 0
Car 0 0 -10 0 0 0 0 2.81 2.34 5.12 2.5 2.38 -43.42 -1.57 0
Car 0 0 -10 0 0 0 0 1.86 2.1 4.67 -0.15 2.23 -40.16 -1.55 0
Car 0 0 -10 0 0 0 0 1.83 2.04 4.54 5.89 2.24 -26.9 -3.14 0
Car 0 0 -10 709.31 664.59 792.0 730.35 1.74 2.04 4.35 -4.39 2.12 58.34 1.55 0
Car 0 0 -10 0 0 0 0 1.99 2.28 5.15 -4.3 2.42 -66.91 1.53 0
Car 0 0 -10 0 0 0 0 2.63 2.57 5.38 15.77 2.32 -33.2 -0.01 0
Car 0 0 -10 45.98 702.31 494.8 1014.85 1.79 1.95 4.32 -4.35 2.21 14.77 1.55 0
Car 0 0 -10 0 0 0 0 1.94 2.32 5.25 -13.7 2.47 -33.19 -0.01 0
Car 0 0 -10 1327.37 671.02 1569.82 760.41 1.54 1.77 3.93 9.82 1.91 37.88 -3.19 0
Car 0 0 -10 0 0 0 0 1.6 2.17 4.87 -4.43 2.28 -13.91 1.56 0
Car 0 0 -10 0.0 445.93 1395.45 886.0 1.75 2.06 4.42 -4.4 2.32 -1.69 1.56 3
Car 0 0 -10 1005.26 687.63 1144.47 788.16 1.54 1.86 4.05 2.79 2.19 35.55 -1.63 0
Car 0 0 -10 308.42 686.36 616.33 907.87 1.83 2.11 4.8 -4.22 2.22 20.38 1.53 0
Car 0 0 -10 263.56 753.28 1782.64 1280.0 1.85 2.2 4.78 -4.47 2.28 4.9 -4.68 1
Car 0 0 -10 0.0 760.79 332.76 1195.78 1.54 2.1 4.14 -4.47 2.21 10.33 1.53 0
Car 0 0 -10 0 0 0 0 2.35 2.54 5.53 2.57 2.11 -16.58 -1.57 0
Car 0 0 -10 506.97 687.67 693.14 819.86 1.67 1.93 4.31 -4.34 2.23 29.75 -4.7 0
Car 0 0 -10 0 0 0 0 1.8 2.36 4.78 -15.27 2.34 -23.24 -3.12 0
Car 0 0 -10 1513.15 674.16 1879.77 818.79 1.68 1.76 3.91 9.69 1.97 25.65 -0.03 0
Pedestrian 0 0 -10 0 0 0 0 1.8 0.93 0.85 -4.47 2.42 -41.93 -1.85 0
Car 0 0 -10 646.63 683.62 752.06 765.85 1.53 1.8 3.92 -4.22 2.22 42.37 1.55 0
Car 0 0 -10 0 0 0 0 1.63 2.12 4.62 -19.52 2.47 -33.32 -0.05 0
Car 0 0 -10 0 0 0 0 1.98 2.4 4.94 -4.36 2.49 -47.31 -4.71 0
Car 0 0 -10 0 0 0 0 1.81 2.32 5.38 -11.76 2.31 -29.98 -0.01 0
Pedestrian 0 0 -10 0 0 0 0 1.76 0.67 0.85 -7.66 2.33 -36.93 -3.07 0
Car 0 0 -10 0 0 0 0 1.68 2.08 4.93 7.65 2.39 -74.56 -3.16 0
Car 0 0 -10 673.31 675.9 764.76 746.93 1.56 1.85 3.89 -4.45 2.16 49.18 1.55 0
Car 0 0 -10 1774.1 705.0 1920.0 925.56 1.55 1.73 4.08 9.02 1.98 15.85 -0.03 0
