Car 0 0 -10 0 0 0 0 1.55 1.93 4.38 23.38 1.37 -16.46 -1.52 0
Cyclist 0 0 -10 1536.17 602.1 1706.4 731.69 1.77 0.85 2.11 9.07 1.3 28.91 -3.2 0
Car 0 0 -10 1686.97 198.72 1920.0 280.28 1.55 2.19 4.94 41.72 1.0 -17.09 -1.49 4
Car 0 0 -10 686.04 169.13 1214.85 348.7 1.54 2.14 4.75 19.47 1.11 0.21 -1.48 4
Car 0 0 -10 0 0 0 0 1.64 1.99 4.54 26.04 1.47 -16.05 -1.52 0
Car 0 0 -10 0 0 0 0 1.52 1.99 4.09 -36.24 3.63 -34.46 0.02 0
Car 0 0 -10 558.69 718.06 749.03 797.22 1.43 1.89 3.99 -35.99 2.83 25.22 -3.15 1
Car 0 0 -10 583.64 342.89 744.43 440.4 1.36 1.89 3.99 -35.57 3.24 -5.55 0.06 3
Car 0 0 -10 0 0 0 0 1.55 2.08 4.54 59.31 0.7 -31.33 -4.7 0
Car 0 0 -10 0 0 0 0 1.57 2.12 4.74 -11.24 2.54 -40.6 -4.7 0
Car 0 0 -10 0 0 0 0 1.77 2.22 5.11 44.58 0.91 -30.05 -1.54 0
Cyclist 0 0 -10 332.02 635.45 519.65 759.53 1.69 0.95 2.34 -7.49 1.67 29.0 -3.14 0
Cyclist 0 0 -10 475.41 698.1 651.71 881.14 1.92 1.05 2.14 -20.45 2.45 13.03 0.09 1
Car 0 0 -10 0 0 0 0 1.59 2.06 4.29 -49.47 4.14 -40.16 -3.18 0
Car 0 0 -10 1033.31 334.18 1182.56 389.27 1.42 1.89 4.08 -58.16 4.14 3.27 -1.51 3
Car 0 0 -10 0 0 0 0 1.67 2.13 4.89 20.93 1.61 -15.7 -1.52 0
Car 0 0 -10 1157.66 617.71 1313.65 669.86 1.47 1.94 4.39 7.76 0.94 60.13 -2.98 0
Car 0 0 -10 0.0 388.07 370.62 724.92 1.45 2.05 4.55 -11.2 2.35 -6.01 -4.7 3
Car 0 0 -10 0 0 0 0 1.59 1.98 4.65 28.63 1.47 -16.06 -1.52 0
Car 0 0 -10 987.35 546.61 1085.58 669.35 3.58 2.86 14.37 2.4 0.96 67.91 -1.51 0
Car 0 0 -10 849.32 721.78 997.84 768.29 1.16 1.89 3.99 -44.49 3.19 40.67 -4.66 1
Car 0 0 -10 1030.59 320.77 1181.27 371.05 1.38 1.78 4.33 -61.05 3.83 3.38 -1.53 3
Car 0 0 -10 1512.93 656.46 1715.85 707.62 1.42 2.2 5.38 -31.12 1.47 55.87 0.04 1
Car 0 0 -10 1037.45 336.49 1208.95 398.33 1.52 1.97 4.47 -55.57 4.19 3.51 -1.51 3
Car 0 0 -10 1148.8 703.09 1264.08 744.78 1.35 1.67 4.04 -48.15 3.16 57.73 0.04 1
Car 0 0 -10 0 0 0 0 1.44 1.98 4.38 -14.85 2.79 -23.56 1.57 0
Car 0 0 -10 0 0 0 0 1.67 2.27 5.04 18.44 1.57 -16.01 -1.52 0
Car 0 0 -10 1095.96 699.17 1225.96 743.91 1.42 1.98 4.28 -48.25 3.05 55.37 -3.15 1
Car 0 0 -10 918.11 721.71 1083.63 776.73 1.33 2.02 4.39 -41.53 3.3 40.89 -4.66 1
Car 0 0 -10 1024.0 312.48 1150.07 360.05 1.52 1.9 4.18 -70.79 4.08 3.32 -1.57 3
Car 0 0 -10 0 0 0 0 1.49 2.15 4.86 -15.17 2.87 -68.29 1.56 0
Car 0 0 -10 1838.19 204.68 1920.0 306.76 1.58 2.18 4.99 33.85 1.21 -17.04 -1.45 4
Car 0 0 -10 783.64 366.95 924.58 460.27 1.23 1.89 3.99 -35.22 3.52 -2.32 0.06 3
Car 0 0 -10 1027.79 342.35 1204.75 404.87 1.45 1.87 4.37 -52.65 4.13 3.14 -1.51 3
Car 0 0 -10 0 0 0 0 1.74 2.08 4.54 40.52 1.11 -31.24 -4.68 0
Car 0 0 -10 0.0 354.16 139.57 455.65 1.38 2.0 4.06 -34.98 3.42 -16.22 0.06 3
