Car 0 0 -10 586.75 310.93 735.71 362.24 1.69 2.12 4.84 -73.21 4.25 -11.62 -4.7 3
Car 0 0 -10 1483.02 314.37 1640.93 395.57 1.54 2.11 4.38 -46.07 3.3 12.07 -0.03 3
Car 0 0 -10 0.0 802.25 150.36 1244.19 1.39 2.28 4.96 -14.47 2.45 3.0 1.57 1
Car 0 0 -10 0.0 689.15 223.79 822.89 1.45 2.07 4.58 -11.37 2.18 27.03 1.56 0
Car 0 0 -10 637.57 622.72 789.9 682.92 1.69 1.95 4.06 37.42 0.99 47.77 0.44 2
Car 0 0 -10 1003.04 291.81 1197.03 361.77 1.97 2.11 5.57 -61.51 3.57 2.92 -4.7 3
Car 0 0 -10 0 0 0 0 1.46 2.25 5.07 -8.02 2.17 -19.97 -4.71 0
Car 0 0 -10 720.53 650.93 834.97 731.79 1.6 2.04 4.11 -3.97 1.93 44.24 -1.57 0
Car 0 0 -10 852.94 628.34 918.05 683.77 1.84 1.95 4.15 -2.78 1.58 71.24 -1.54 0
Car 0 0 -10 0 0 0 0 3.51 3.15 14.11 18.49 1.52 -41.85 -3.07 0
Car 0 0 -10 1756.68 630.51 1920.0 715.76 1.49 2.22 4.88 39.19 1.21 15.78 -0.59 2
Car 0 0 -10 1871.63 615.32 1920.0 700.0 1.67 2.26 4.88 21.19 1.24 41.74 -2.94 0
Car 0 0 -10 1016.34 299.05 1188.44 417.83 1.72 2.43 4.96 -35.44 2.82 1.41 -0.03 3
Car 0 0 -10 1348.05 728.13 1662.39 852.42 1.38 2.07 4.58 -15.46 2.47 24.54 1.55 1
Car 0 0 -10 0 0 0 0 1.89 2.65 6.82 -48.51 3.6 -39.17 0.05 0
Car 0 0 -10 1616.72 691.45 1771.2 744.74 1.61 2.11 4.38 -33.02 2.86 64.29 0.05 1
Car 0 0 -10 0 0 0 0 1.67 2.16 4.74 -11.0 2.28 -22.26 1.54 0
Car 0 0 -10 0 0 0 0 1.5 2.01 4.59 -8.05 2.11 -12.33 1.55 0
Car 0 0 -10 1163.85 629.32 1409.56 767.75 1.67 2.2 4.76 22.85 1.46 16.56 -3.52 2
Car 0 0 -10 123.19 684.16 312.1 762.72 1.33 2.08 4.69 -14.56 2.31 41.0 1.56 0
Car 0 0 -10 1903.9 625.81 1920.0 708.63 1.41 2.1 4.71 39.85 1.05 13.08 -0.6 2
Car 0 0 -10 875.53 514.72 1069.33 757.0 3.58 2.86 14.37 0.08 1.78 37.96 -1.57 0
Car 0 0 -10 323.11 331.44 599.12 418.23 1.57 2.12 4.84 -41.38 3.45 -10.58 -4.7 3
Car 0 0 -10 0.0 378.94 224.23 727.15 1.41 2.16 4.84 -10.95 2.28 -7.01 1.57 3
Car 0 0 -10 581.24 749.84 1259.13 1033.59 1.49 1.91 4.6 -11.04 2.29 10.0 -4.71 1
Car 0 0 -10 1840.26 625.35 1920.0 704.35 1.77 2.18 4.78 22.86 1.52 47.43 -2.98 0
Car 0 0 -10 0 0 0 0 1.5 2.13 4.42 -27.41 3.14 -40.15 0.05 0
Pedestrian 0 0 -10 0 0 0 0 1.79 0.92 0.97 5.27 1.93 -25.01 1.5 0
Car 0 0 -10 1043.21 324.24 1232.56 391.93 1.52 2.11 4.38 -50.81 3.65 3.22 -1.58 3
Car 0 0 -10 457.02 649.99 557.33 697.33 1.47 2.23 4.99 -15.2 1.93 69.27 1.57 0
Car 0 0 -10 0.0 671.0 267.83 909.54 1.76 2.07 4.53 -7.89 2.1 18.59 1.54 0
Car 0 0 -10 0 0 0 0 2.25 2.85 6.91 -37.61 3.22 -39.64 0.05 0
Car 0 0 -10 528.15 357.05 1538.93 724.36 1.61 1.9 4.42 -10.9 2.28 -0.28 1.57 3
Car 0 0 -10 0 0 0 0 1.47 2.16 4.96 -10.72 2.31 -14.72 1.55 0
Car 0 0 -10 408.7 325.65 636.12 400.19 1.63 2.12 4.84 -49.53 3.73 -11.2 -4.7 3
Car 0 0 -10 0.0 673.18 32.28 729.56 1.75 2.04 4.33 -32.82 2.91 67.3 0.05 0
Car 0 0 -10 524.95 320.26 706.59 383.72 1.72 2.12 4.84 -60.74 4.13 -11.0 -4.7 3
Car 0 0 -10 93.53 678.46 257.3 753.92 1.46 2.08 4.69 -17.25 2.41 45.86 1.51 0
Car 0 0 -10 450.36 662.68 601.72 752.97 1.51 2.08 4.69 -8.15 2.03 39.08 1.51 0
Car 0 0 -10 860.84 200.81 981.17 270.59 1.32 1.96 4.06 41.74 0.95 1.43 0.1 4
Car 0 0 -10 1642.34 650.8 1884.03 789.86 1.54 2.2 4.76 25.37 1.59 11.02 -3.4 2
Car 0 0 -10 376.39 195.71 552.92 283.85 1.67 1.94 4.07 41.48 1.26 10.81 -0.68 4
Car 0 0 -10 0 0 0 0 1.35 2.22 4.7 -14.34 2.4 -12.11 1.55 0
Car 0 0 -10 0 0 0 0 1.43 2.28 4.71 -14.83 2.54 -20.06 1.55 0
Car 0 0 -10 1847.61 616.11 1920.0 691.36 1.78 2.18 4.78 24.11 1.29 50.19 0.29 0
Car 0 0 -10 1126.03 161.69 1760.47 439.79 2.28 2.14 5.39 18.5 1.77 -3.85 -4.69 4
Car 0 0 -10 129.17 373.0 927.52 615.76 1.42 2.16 4.84 -14.64 2.43 -3.31 1.57 3
Car 0 0 -10 177.62 559.45 550.65 796.33 2.89 3.07 8.39 -8.22 1.94 29.93 1.54 0
Car 0 0 -10 455.77 309.37 658.24 377.01 1.67 2.12 4.84 -55.19 3.56 -11.55 -4.7 3
Car 0 0 -10 0 0 0 0 3.81 3.06 10.97 -60.29 3.67 -38.44 0.05 0
Car 0 0 -10 230.46 678.67 425.15 768.18 1.42 2.12 4.94 -11.6 2.24 38.43 1.55 0
Pedestrian 0 0 -10 73.95 642.99 124.36 705.99 1.72 0.86 1.02 -24.07 1.87 57.94 -0.92 0
Pedestrian 0 0 -10 90.96 645.29 127.53 702.6 1.6 0.92 0.63 -24.24 1.82 59.05 0.07 0
Car 0 0 -10 1846.24 628.14 1920.0 708.91 1.7 2.17 4.13 21.44 1.52 44.7 -2.9 0
Car 0 0 -10 0.0 693.63 111.82 807.76 1.46 2.14 4.94 -15.01 2.38 31.82 1.55 0
Car 0 0 -10 0.0 255.63 1740.18 1280.0 3.28 2.98 10.33 -8.06 2.05 7.66 -4.71 1
Car 0 0 -10 0.0 352.27 397.96 865.2 1.58 1.88 4.42 -7.98 2.11 -4.97 1.55 3
