Car 0 0 -10 521.0 676.39 637.04 734.9 1.94 2.07 4.57 -13.98 2.99 73.79 -2.27 0
Car 0 0 -10 616.51 182.06 855.86 267.14 1.53 1.81 4.21 -39.46 1.13 -4.2 -2.27 3
Car 0 0 -10 544.16 240.09 1259.69 534.73 1.66 1.98 4.58 -14.23 1.91 -0.36 0.91 3
Car 0 0 -10 673.58 181.36 901.1 276.18 1.6 1.69 3.7 -36.93 1.21 -3.04 -2.24 3
Car 0 0 -10 0 0 0 0 2.79 2.52 7.76 1.44 2.09 -13.9 -1.74 0
Pedestrian 0 0 -10 384.44 671.95 424.43 724.33 1.71 0.94 1.03 -18.97 2.52 69.5 -2.24 0
Car 0 0 -10 0 0 0 0 4.1 3.12 13.89 -2.45 2.05 -22.51 1.42 0
Pedestrian 0 0 -10 762.07 164.01 798.48 228.57 2.2 0.97 0.85 -71.42 0.79 -6.07 -3.67 3
Car 0 0 -10 0 0 0 0 1.51 1.99 4.16 -0.15 1.41 -46.45 -0.38 0
Car 0 0 -10 462.68 677.38 576.19 722.37 1.43 2.01 4.51 -15.64 2.48 71.71 -2.25 0
Car 0 0 -10 257.66 180.36 848.16 413.19 1.8 2.19 4.64 -18.46 1.63 -3.57 0.89 3
Car 0 0 -10 0 0 0 0 1.44 1.99 4.27 5.1 2.12 -29.8 -1.81 0
Car 0 0 -10 380.43 233.43 1014.77 470.26 1.6 2.0 4.61 -16.54 1.83 -2.04 0.89 3
Car 0 0 -10 715.55 277.13 1531.43 651.24 1.66 1.92 4.5 -12.03 2.13 0.97 0.93 3
Cyclist 0 0 -10 906.24 682.09 1051.34 895.49 1.84 0.85 1.89 0.09 2.18 19.36 -4.44 0
Car 0 0 -10 0 0 0 0 1.46 1.99 4.08 -1.34 1.49 -44.2 -3.51 0
Car 0 0 -10 750.15 186.84 1050.96 284.32 1.54 2.12 4.79 -35.22 1.27 -0.96 0.88 3
Car 0 0 -10 561.82 158.94 782.57 255.33 1.83 1.76 4.06 -41.51 0.96 -5.69 -2.29 3
Car 0 0 -10 0 0 0 0 1.43 1.81 4.21 13.01 2.69 -66.34 -1.47 0
