Car 0 0 -10 521.02 677.1 637.01 735.64 1.94 2.07 4.57 -13.99 3.0 73.79 -2.27 0
Car 0 0 -10 616.18 181.71 855.74 266.83 1.53 1.81 4.21 -39.45 1.12 -4.2 -2.27 3
Car 0 0 -10 543.38 240.14 1259.44 534.82 1.66 1.98 4.58 -14.23 1.91 -0.36 0.91 3
Car 0 0 -10 673.65 181.05 901.28 275.87 1.6 1.69 3.7 -36.92 1.2 -3.04 -2.24 3
Car 0 0 -10 0 0 0 0 2.79 2.52 7.76 1.17 2.12 -12.22 -1.72 0
Pedestrian 0 0 -10 372.28 672.65 411.5 724.4 1.71 0.94 1.03 -19.64 2.55 70.37 -2.23 0
Car 0 0 -10 0 0 0 0 4.1 3.12 13.89 -2.45 2.04 -22.5 1.42 0
Pedestrian 0 0 -10 763.02 163.74 799.55 228.3 2.2 0.97 0.85 -71.42 0.78 -6.04 -3.68 3
Car 0 0 -10 0 0 0 0 1.51 1.99 4.16 -0.15 1.4 -46.45 -0.38 0
Car 0 0 -10 462.85 678.41 576.32 723.46 1.43 2.01 4.51 -15.65 2.51 71.72 -2.25 0
Car 0 0 -10 258.58 179.88 849.21 412.7 1.8 2.19 4.64 -18.47 1.62 -3.56 0.89 3
Car 0 0 -10 0 0 0 0 1.44 1.99 4.27 4.25 2.12 -26.22 -1.81 0
Car 0 0 -10 380.84 233.68 1015.42 470.53 1.6 2.0 4.61 -16.54 1.83 -2.03 0.89 3
Car 0 0 -10 716.89 276.89 1532.83 650.76 1.66 1.92 4.5 -12.03 2.12 0.98 0.93 3
Cyclist 0 0 -10 751.14 687.88 941.99 945.81 1.84 0.85 1.89 -0.94 2.18 16.25 -4.41 0
Car 0 0 -10 0 0 0 0 1.46 1.99 4.08 -1.34 1.47 -44.19 -3.51 0
Car 0 0 -10 750.03 186.55 1051.02 284.04 1.54 2.12 4.79 -35.21 1.26 -0.96 0.88 3
Car 0 0 -10 1756.61 661.2 1920.0 743.46 1.46 2.02 4.57 40.34 0.69 16.06 -0.68 2
Car 0 0 -10 561.2 159.25 782.16 255.68 1.83 1.76 4.06 -41.49 0.97 -5.7 -2.29 3
Car 0 0 -10 0 0 0 0 1.43 1.81 4.21 13.05 2.54 -61.65 -1.55 0
