Car 0 0 -10 0 0 0 0 1.61 2.13 4.28 11.55 1.95 -71.57 -0.03 0
Pedestrian 0 0 -10 0 0 0 0 1.61 0.72 0.88 5.73 2.0 -47.93 1.52 0
Car 0 0 -10 0.0 679.14 209.72 764.59 1.52 2.17 4.9 -16.68 1.99 38.73 -3.16 0
Car 0 0 -10 389.15 653.29 507.67 716.88 1.87 2.37 4.86 -15.4 1.84 63.75 -4.7 0
Car 0 0 -10 0 0 0 0 1.83 2.3 5.24 -3.95 2.38 -69.07 1.49 0
Car 0 0 -10 0 0 0 0 1.95 2.12 4.94 -11.84 2.37 -28.23 -3.25 0
Pedestrian 0 0 -10 0 0 0 0 1.37 0.9 0.92 6.69 2.11 -49.95 1.5 0
Car 0 0 -10 1184.92 655.2 1480.89 772.91 1.46 1.97 4.24 24.0 1.51 16.47 -0.03 2
Car 0 0 -10 272.22 673.67 514.06 757.97 1.85 1.93 4.95 -12.65 2.3 47.17 -3.12 0
Car 0 0 -10 0 0 0 0 1.28 2.02 4.41 3.24 2.15 -20.51 -1.58 0
Car 0 0 -10 0.0 718.44 68.98 801.83 1.34 1.92 4.43 -41.57 2.86 14.27 -0.03 1
Car 0 0 -10 1072.79 185.39 1727.17 648.76 1.95 2.36 5.16 11.46 1.86 -2.02 -3.2 4
Car 0 0 -10 0 0 0 0 1.84 1.98 4.1 3.28 2.12 -15.28 -1.6 0
Pedestrian 0 0 -10 320.26 679.86 485.76 913.1 1.68 0.81 0.89 8.36 1.94 14.21 -0.16 2
Car 0 0 -10 0 0 0 0 1.7 2.25 5.1 3.53 2.11 -29.38 -1.58 0
Car 0 0 -10 0 0 0 0 1.55 2.08 4.63 4.84 2.18 -61.75 -1.61 0
Car 0 0 -10 0 0 0 0 3.08 2.74 7.79 0.0 2.15 -22.58 -1.55 0
Car 0 0 -10 0 0 0 0 1.49 2.12 4.74 15.01 1.69 -47.77 0.23 0
Car 0 0 -10 0 0 0 0 1.38 2.06 4.65 -4.72 2.37 -46.97 -4.69 0
Pedestrian 0 0 -10 363.91 666.33 537.12 922.2 1.76 0.81 0.89 8.21 1.91 13.29 -0.15 2
Car 0 0 -10 45.1 695.82 205.99 763.25 1.55 2.16 4.83 -54.14 3.01 22.51 -3.18 1
Car 0 0 -10 0 0 0 0 1.79 2.13 4.7 16.27 1.64 -44.51 -0.02 0
Car 0 0 -10 0 0 0 0 1.62 2.14 4.56 -13.68 2.29 -53.61 -0.06 0
Car 0 0 -10 0 0 0 0 1.42 2.09 4.79 4.46 2.16 -53.94 -1.58 0
