Car 0 0 -10 0 0 0 0 1.61 2.13 4.28 9.51 2.05 -35.84 0.02 0
Car 0 0 -10 0 0 0 0 1.44 2.07 4.75 -6.12 2.59 -48.89 1.55 0
Car 0 0 -10 0 0 0 0 1.95 2.27 5.1 -12.27 2.51 -40.91 -3.07 0
Car 0 0 -10 0 0 0 0 1.58 2.06 5.18 2.41 2.35 -66.88 -1.48 0
Pedestrian 0 0 -10 0 0 0 0 1.61 0.72 0.88 5.0 2.12 -3.58 -4.68 0
Car 0 0 -10 0 0 0 0 1.83 2.3 5.24 -5.79 2.47 -32.58 1.53 0
Car 0 0 -10 320.63 683.3 1040.65 1043.25 1.95 2.12 4.94 -11.75 2.31 8.47 -3.2 1
Pedestrian 0 0 -10 0 0 0 0 1.37 0.9 0.92 5.89 2.07 -5.04 -4.53 0
Car 0 0 -10 0 0 0 0 1.51 2.09 4.89 2.58 2.34 -60.69 -1.59 0
Car 0 0 -10 1265.94 743.23 1656.91 971.67 1.28 2.02 4.41 3.63 2.05 15.54 -1.54 0
Car 0 0 -10 0 0 0 0 1.72 2.14 4.66 2.65 2.29 -45.83 -1.57 0
Car 0 0 -10 1553.18 631.5 1915.72 755.57 1.95 2.36 5.16 12.7 1.6 33.68 -3.15 0
Car 0 0 -10 1221.36 671.39 1494.47 881.05 1.84 1.98 4.1 3.91 2.04 20.62 -1.56 0
Pedestrian 0 0 -10 1049.7 660.35 1090.52 731.64 1.68 0.81 0.89 2.8 1.84 49.33 -0.04 0
Car 0 0 -10 1515.77 736.81 1920.0 1280.0 1.7 2.25 5.1 3.51 2.07 6.43 -1.54 0
Car 0 0 -10 0 0 0 0 1.55 2.08 4.63 3.26 2.27 -25.21 -1.56 0
Car 0 0 -10 0 0 0 0 1.74 2.09 4.77 -14.09 2.46 -60.74 -3.08 0
Car 0 0 -10 0 0 0 0 3.08 2.74 7.79 -0.85 2.31 -38.67 -1.56 0
Car 0 0 -10 0 0 0 0 1.49 2.12 4.74 14.13 1.72 -12.18 0.28 0
Pedestrian 0 0 -10 1853.65 484.11 1920.0 886.0 1.22 0.9 0.92 5.58 2.04 -3.11 -4.67 4
Car 0 0 -10 0 0 0 0 1.38 2.06 4.65 -5.51 2.37 -10.41 -4.64 0
Pedestrian 0 0 -10 1049.98 653.19 1091.64 728.85 1.76 0.81 0.89 2.77 1.75 48.62 -0.05 0
Car 0 0 -10 0 0 0 0 1.83 2.09 4.47 7.8 2.24 -71.14 0.01 0
Car 0 0 -10 1881.43 186.48 1920.0 461.12 1.79 2.13 4.7 15.54 1.67 -8.99 0.02 4
Car 0 0 -10 0 0 0 0 1.62 2.14 4.56 -14.76 2.34 -16.68 -0.02 0
Car 0 0 -10 0 0 0 0 1.83 1.99 4.46 -17.23 2.67 -67.65 -2.76 0
Car 0 0 -10 0 0 0 0 1.42 2.09 4.79 3.31 2.16 -17.86 -1.54 0
