Car 0 0 -10 0 0 0 0 1.83 2.06 4.66 -16.88 2.75 -64.37 -4.6 0
Pedestrian 0 0 -10 1441.82 636.88 1506.49 735.99 1.76 0.82 0.74 9.25 1.54 37.08 -2.01 0
Pedestrian 0 0 -10 1417.73 626.52 1467.14 732.51 1.94 0.84 0.58 8.94 1.52 38.16 -4.43 0
Car 0 0 -10 1081.33 675.75 1387.53 922.88 1.68 2.18 4.39 2.12 1.96 17.18 -1.5 0
Pedestrian 0 0 -10 1748.27 654.59 1920.0 995.08 1.82 0.68 0.87 4.86 1.86 11.44 -4.62 0
Car 0 0 -10 1047.13 725.89 1531.03 1145.12 1.5 1.98 5.03 1.61 2.04 11.18 -1.47 0
Pedestrian 0 0 -10 1457.72 625.5 1508.33 728.87 1.87 0.64 0.67 9.58 1.44 37.71 -4.02 0
Car 0 0 -10 670.1 655.93 748.23 701.85 1.51 1.89 4.37 -8.7 1.78 72.64 -4.63 0
Car 0 0 -10 0.0 710.95 7.45 877.94 1.42 1.97 4.43 -12.14 2.17 21.37 -4.58 0
Car 0 0 -10 632.65 665.81 726.96 710.34 1.33 1.91 4.39 -9.04 1.92 67.55 -4.56 0
Car 0 0 -10 0.0 649.25 374.24 865.44 2.01 2.11 5.23 -22.53 2.27 9.27 -4.63 1
Car 0 0 -10 911.89 230.6 1122.0 322.35 2.0 2.14 4.65 -47.55 2.35 1.23 -4.58 3
Car 0 0 -10 712.37 282.47 1077.68 427.09 1.54 1.59 4.13 -24.21 2.37 -0.83 -4.63 3
Pedestrian 0 0 -10 1620.23 631.55 1829.87 1003.2 1.95 0.78 1.07 4.17 1.86 11.34 -4.64 0
Car 0 0 -10 727.34 270.55 1077.66 407.94 1.62 1.95 4.34 -27.13 2.4 -0.82 -4.57 3
Car 0 0 -10 392.94 325.21 1236.63 644.51 1.56 2.03 4.76 -12.55 2.32 -0.86 -4.59 3
Pedestrian 0 0 -10 1728.41 670.01 1920.0 1115.35 1.79 0.75 1.09 3.83 1.89 8.82 -4.6 0
Car 0 0 -10 0 0 0 0 1.44 2.1 5.1 -2.78 2.34 -28.05 -1.45 0
Car 0 0 -10 0.0 660.34 239.65 749.11 1.58 1.79 4.4 -41.22 2.24 17.26 -1.45 1
Car 0 0 -10 0.0 682.46 265.63 833.98 1.57 1.85 4.09 -25.53 2.28 10.12 -1.46 1
Pedestrian 0 0 -10 1356.77 649.86 1409.05 762.78 1.73 0.66 0.84 6.6 1.75 32.16 -1.51 0
Car 0 0 -10 855.29 270.95 1099.9 355.24 1.4 1.8 4.32 -37.3 2.43 0.22 -4.66 3
Car 0 0 -10 0.0 666.7 84.82 779.93 1.64 1.98 5.3 -36.72 2.3 11.73 -1.49 1
Pedestrian 0 0 -10 1859.59 656.48 1920.0 988.04 1.77 0.8 0.94 5.56 1.82 11.36 -4.62 0
Car 0 0 -10 1375.19 233.82 1681.26 340.17 2.04 2.4 5.61 -42.04 2.3 11.39 -1.54 3
Pedestrian 0 0 -10 405.27 641.7 453.74 712.61 1.81 0.94 0.89 -13.61 1.62 53.27 -1.45 0
Car 0 0 -10 0.0 658.76 106.87 730.15 1.44 1.86 4.81 -49.17 2.14 17.6 -4.69 1
Car 0 0 -10 0.0 664.41 186.42 821.01 1.8 1.83 4.56 -28.23 2.3 10.08 -1.48 1
Car 0 0 -10 0 0 0 0 1.8 2.12 4.8 -10.43 2.26 -8.99 -4.59 0
Car 0 0 -10 819.92 264.06 1080.52 362.24 1.52 1.72 4.21 -34.19 2.35 -0.28 -4.71 3
Pedestrian 0 0 -10 1509.08 650.12 1666.43 896.91 1.8 0.94 0.99 4.74 1.82 15.67 -4.6 0
Car 0 0 -10 250.9 652.87 622.23 797.39 1.75 1.75 4.72 -25.5 2.14 15.23 -1.49 1
Car 0 0 -10 944.73 241.85 1147.51 309.9 1.6 2.29 4.97 -52.29 2.27 2.1 -4.58 3
Car 0 0 -10 990.41 238.88 1160.93 302.04 1.65 2.12 4.59 -57.45 2.28 3.13 -4.57 3
