Car 0 0 -10 82.47 657.22 336.86 803.68 1.83 2.06 4.66 -10.46 1.98 28.99 1.54 0
Pedestrian 0 0 -10 1127.72 631.35 1186.29 724.14 1.76 0.82 0.74 3.84 1.42 39.52 -2.14 0
Pedestrian 0 0 -10 1099.03 621.69 1143.14 721.3 1.94 0.84 0.58 3.22 1.4 40.47 -4.62 0
Pedestrian 0 0 -10 0 0 0 0 1.92 0.8 0.96 -21.23 3.09 -65.94 -4.45 0
Car 0 0 -10 777.34 665.86 1047.94 883.24 1.68 2.18 4.39 -0.53 1.88 18.86 -1.64 0
Pedestrian 0 0 -10 1128.82 633.76 1195.39 789.28 1.82 0.68 0.87 2.43 1.64 24.55 1.57 0
Car 0 0 -10 723.66 244.36 928.92 314.24 1.6 2.04 4.86 -49.89 2.34 -3.46 1.57 3
Car 0 0 -10 738.62 711.25 1136.74 1050.93 1.5 1.98 5.03 -0.21 1.99 12.82 -1.61 0
Pedestrian 0 0 -10 1153.3 620.5 1195.89 716.48 1.87 0.64 0.67 4.27 1.31 40.42 -3.28 0
Car 0 0 -10 383.89 651.39 463.57 697.32 1.51 1.89 4.37 -18.76 1.61 72.31 1.52 0
Car 0 0 -10 343.85 660.7 440.27 705.2 1.33 1.91 4.39 -18.46 1.74 67.19 -4.7 0
Car 0 0 -10 0.0 647.47 186.04 862.85 2.01 2.11 5.23 -23.89 2.24 7.63 1.52 1
Car 0 0 -10 701.24 228.99 908.61 319.41 2.0 2.14 4.65 -47.62 2.35 -3.79 1.57 3
Car 0 0 -10 564.59 283.71 930.42 426.24 1.54 1.59 4.13 -24.18 2.39 -2.61 1.52 3
Pedestrian 0 0 -10 1080.91 627.36 1157.82 797.38 1.95 0.78 1.07 1.89 1.7 24.17 1.56 0
Car 0 0 -10 565.06 269.87 912.51 404.52 1.62 1.95 4.34 -27.02 2.39 -3.0 -4.7 3
Pedestrian 0 0 -10 1012.15 644.78 1085.47 796.16 1.79 0.75 1.09 1.11 1.74 25.02 -4.54 0
Car 0 0 -10 0 0 0 0 1.44 2.1 5.1 0.74 2.42 -26.67 -1.59 0
Car 0 0 -10 1469.25 252.61 1701.87 331.72 1.58 1.79 4.4 -43.49 2.22 13.01 -1.59 3
Car 0 0 -10 541.58 640.73 682.52 728.17 1.84 2.33 5.2 -7.8 1.67 46.81 -1.57 0
Car 0 0 -10 0.0 683.21 71.72 835.1 1.57 1.85 4.09 -26.98 2.27 8.14 -1.6 1
Pedestrian 0 0 -10 0 0 0 0 1.67 0.85 1.06 -21.73 3.01 -66.1 -4.48 0
Pedestrian 0 0 -10 1238.28 643.82 1310.29 805.26 1.73 0.66 0.84 3.47 1.68 22.57 -1.54 0
Car 0 0 -10 664.89 269.67 909.81 352.96 1.4 1.8 4.32 -37.29 2.43 -3.34 1.48 3
Car 0 0 -10 1256.59 254.62 1566.27 348.54 1.64 1.98 5.3 -38.27 2.29 8.15 -1.63 3
Pedestrian 0 0 -10 1166.14 639.67 1250.01 792.98 1.77 0.8 0.94 2.95 1.66 24.3 1.5 0
Car 0 0 -10 669.0 647.31 742.69 697.09 1.49 1.82 4.54 -8.03 1.45 65.76 -1.57 0
Car 0 0 -10 1159.1 238.38 1388.55 319.58 1.8 2.16 5.09 -48.32 2.26 7.09 -1.55 3
Pedestrian 0 0 -10 313.72 638.7 344.82 691.52 1.79 0.79 0.94 -21.56 1.43 70.42 -1.59 0
Car 0 0 -10 1164.42 230.01 1454.5 331.79 2.04 2.4 5.61 -43.47 2.26 7.11 -1.68 3
Pedestrian 0 0 -10 44.05 637.56 97.77 714.49 1.81 0.94 0.89 -21.19 1.53 48.79 -1.58 0
Car 0 0 -10 1354.29 247.31 1565.97 308.13 1.44 1.86 4.81 -51.41 2.09 12.26 1.45 3
Car 0 0 -10 1331.85 254.55 1682.01 387.42 1.8 1.83 4.56 -29.68 2.29 7.66 -1.62 3
Car 0 0 -10 636.9 260.97 898.01 359.49 1.52 1.72 4.21 -34.15 2.32 -3.42 1.44 3
Pedestrian 0 0 -10 1062.47 640.66 1139.37 773.68 1.8 0.94 0.99 1.97 1.69 28.46 1.54 0
Car 0 0 -10 41.65 650.41 414.4 795.28 1.75 1.75 4.72 -27.64 2.09 13.12 -1.62 1
Car 0 0 -10 731.5 241.62 931.13 308.39 1.6 2.29 4.97 -52.41 2.3 -3.5 1.56 3
Car 0 0 -10 769.72 236.8 937.35 298.81 1.65 2.12 4.59 -57.64 2.28 -3.23 -4.71 3
