Car 0 0 -10 0 0 0 0 1.72 2.07 4.52 6.12 2.35 -15.97 -1.54 0
Car 0 0 -10 1768.9 437.6 1920.0 643.72 2.12 2.79 3.86 24.49 0.2 8.07 -1.54 2
Car 0 0 -10 745.0 646.2 1000.24 884.01 1.88 2.05 4.32 -0.76 2.03 18.74 -1.64 0
Car 0 0 -10 0 0 0 0 1.6 2.12 4.51 2.34 2.25 -20.79 -1.53 0
Car 0 0 -10 1287.26 662.3 1459.65 777.23 1.65 1.86 4.3 6.76 2.16 33.06 -1.58 0
Car 0 0 -10 1671.67 658.86 1920.0 741.01 1.6 2.12 4.97 17.89 2.17 42.55 -3.06 0
Car 0 0 -10 604.49 639.12 677.46 685.99 1.55 1.93 4.15 -10.78 1.77 71.26 -1.86 0
Car 0 0 -10 1567.4 336.5 1920.0 653.62 3.63 1.27 4.39 24.81 0.35 11.01 -4.64 2
Car 0 0 -10 0 0 0 0 1.58 1.92 4.44 -1.55 2.42 -35.24 -1.57 0
Car 0 0 -10 0 0 0 0 1.37 1.91 4.41 -10.69 2.16 -27.69 1.55 0
Car 0 0 -10 0 0 0 0 1.97 1.97 4.33 4.49 3.0 -49.2 -1.54 0
Car 0 0 -10 750.53 638.71 924.21 711.66 1.73 2.08 4.49 -2.9 1.89 52.03 -2.29 0
Cyclist 0 0 -10 1555.33 649.42 1643.29 725.92 1.76 0.63 1.93 15.32 2.15 48.22 -2.93 0
Car 0 0 -10 1060.29 648.14 1309.24 832.41 1.84 2.13 4.41 2.54 2.04 23.27 -1.62 0
Car 0 0 -10 373.93 627.95 442.25 685.07 1.92 1.97 4.28 -18.86 1.74 71.51 1.39 0
Car 0 0 -10 1025.77 641.82 1120.0 702.31 1.72 1.88 4.41 3.67 2.0 61.78 -1.74 0
Car 0 0 -10 653.29 614.03 811.63 696.82 2.3 2.23 5.54 37.71 2.16 47.33 -0.41 2
Car 0 0 -10 0 0 0 0 1.5 2.13 4.8 0.22 2.15 -8.14 -1.49 0
Car 0 0 -10 0 0 0 0 1.58 2.05 4.32 -1.05 2.22 -25.64 -1.35 0
Car 0 0 -10 729.64 638.81 820.12 700.98 1.64 1.92 4.12 -4.92 1.81 57.09 -1.8 0
Car 0 0 -10 0 0 0 0 2.06 2.13 5.52 2.93 2.12 -0.65 -1.58 0
Car 0 0 -10 657.91 48.15 893.39 187.55 1.5 0.69 2.67 23.78 -0.41 1.93 -1.18 4
Car 0 0 -10 819.69 646.42 925.48 725.81 1.6 2.18 5.27 -1.65 1.92 45.47 -1.58 0
Car 0 0 -10 939.55 645.51 1041.48 719.92 1.62 1.86 4.02 0.9 1.93 47.8 -1.68 0
Car 0 0 -10 0 0 0 0 1.81 2.19 4.58 -0.5 2.18 -15.79 -1.53 0
Car 0 0 -10 0 0 0 0 2.25 2.46 5.9 5.02 2.69 -36.29 -1.5 0
Car 0 0 -10 707.4 626.73 807.7 694.75 2.0 2.3 5.42 -6.0 1.81 63.24 -1.81 0
Car 0 0 -10 175.48 635.61 283.79 704.46 1.72 2.06 4.02 -18.92 1.79 53.94 1.4 0
Car 0 0 -10 1149.66 631.71 1277.04 718.98 2.02 2.28 4.96 6.42 2.0 50.44 -1.62 0
Car 0 0 -10 545.42 647.49 1312.08 1280.0 2.05 2.36 4.55 -0.09 2.14 8.62 -1.58 0
Car 0 0 -10 0.0 326.19 248.41 728.67 1.51 1.92 4.86 -10.25 2.17 -6.22 1.52 3
Car 0 0 -10 0 0 0 0 1.89 2.08 4.53 -7.11 2.09 -15.92 1.53 0
Car 0 0 -10 520.72 27.17 681.45 206.66 1.99 1.76 1.58 24.24 -0.19 3.96 1.56 4
Car 0 0 -10 675.2 636.06 753.14 686.53 1.69 1.96 4.36 -8.31 1.81 71.89 -1.86 0
Car 0 0 -10 1818.34 748.37 1920.0 1280.0 1.86 2.02 4.36 6.5 2.28 -0.06 -1.53 2
