Car 0 0 -10 126.33 645.03 279.99 722.4 1.5 1.94 4.53 -15.69 1.77 43.22 1.49 0
Car 0 0 -10 1639.11 680.61 1920.0 942.2 1.72 2.07 4.52 7.35 2.17 16.47 -1.57 0
Car 0 0 -10 1289.54 606.27 1487.6 700.97 2.2 2.17 4.97 42.7 1.88 28.07 -3.08 2
Car 0 0 -10 297.8 50.08 684.25 241.39 2.12 2.79 3.86 24.47 0.22 5.22 -1.54 4
Car 0 0 -10 698.46 646.46 989.89 917.76 1.88 2.05 4.32 -0.87 2.01 16.69 -1.63 0
Car 0 0 -10 259.54 638.89 342.76 686.19 1.5 2.07 4.75 -21.8 1.7 69.0 1.39 0
Car 0 0 -10 297.36 626.53 402.11 694.04 1.86 2.16 4.58 -17.25 1.67 59.11 1.45 0
Car 0 0 -10 1229.88 716.9 1918.0 1156.46 1.6 2.12 4.51 2.88 2.14 10.64 -1.6 0
Car 0 0 -10 1009.54 646.28 1098.0 701.8 1.65 1.86 4.3 3.25 2.09 64.74 -1.75 0
Car 0 0 -10 1716.8 659.24 1920.0 746.95 1.6 2.12 4.97 17.8 2.14 39.71 -3.07 0
Car 0 0 -10 585.77 636.8 661.2 685.57 1.55 1.93 4.15 -10.92 1.68 68.36 -1.87 0
Car 0 0 -10 1781.61 319.64 1920.0 659.06 3.63 1.27 4.39 24.78 0.37 8.18 -4.64 2
Car 0 0 -10 0 0 0 0 1.58 1.92 4.44 -1.51 2.45 -37.39 -1.57 0
Car 0 0 -10 1011.36 640.06 1254.05 724.0 1.64 2.05 4.69 33.15 2.08 28.19 -1.78 2
Car 0 0 -10 0 0 0 0 1.97 1.97 4.33 5.81 2.43 -24.62 -1.52 0
Car 0 0 -10 734.52 636.66 918.14 713.93 1.73 2.08 4.49 -3.01 1.83 49.15 -2.29 0
Cyclist 0 0 -10 1513.45 647.29 1605.17 728.02 1.76 0.63 1.93 13.62 2.09 45.73 -2.91 0
Car 0 0 -10 935.35 637.97 1041.55 720.06 1.84 2.13 4.41 0.87 1.97 48.93 -1.65 0
Car 0 0 -10 1368.72 628.6 1656.54 801.06 1.92 1.97 4.28 -12.97 2.04 23.36 1.46 1
Car 0 0 -10 712.02 613.34 871.29 699.2 2.3 2.23 5.54 37.61 2.15 44.52 -0.41 2
Car 0 0 -10 0 0 0 0 1.7 2.28 4.8 -2.55 2.49 -54.52 -1.52 0
Car 0 0 -10 0 0 0 0 1.5 2.13 4.8 0.3 2.18 -9.81 -1.49 0
Car 0 0 -10 0 0 0 0 1.58 2.05 4.32 1.05 2.25 -22.83 -1.16 0
Car 0 0 -10 713.79 636.68 808.48 702.13 1.64 1.92 4.12 -5.04 1.75 54.2 -1.81 0
Car 0 0 -10 637.71 639.88 714.14 687.12 1.66 2.05 4.36 -10.16 1.92 75.72 -1.88 0
Car 0 0 -10 1030.11 631.01 1243.34 814.92 2.06 2.13 5.52 2.22 2.04 25.94 -1.58 0
Car 0 0 -10 904.91 51.32 1144.71 190.47 1.5 0.69 2.67 23.77 -0.37 -0.9 -1.18 4
Car 0 0 -10 805.85 645.05 919.36 729.81 1.6 2.18 5.27 -1.75 1.87 42.66 -1.58 0
Car 0 0 -10 0 0 0 0 1.81 2.19 4.58 -0.47 2.21 -18.57 -1.55 0
Car 0 0 -10 0 0 0 0 2.25 2.46 5.9 6.81 2.34 -8.3 -1.54 0
Car 0 0 -10 691.77 623.89 796.17 695.15 2.0 2.3 5.42 -6.13 1.73 60.34 -1.81 0
Car 0 0 -10 564.75 613.67 640.73 684.24 2.51 2.09 5.38 -12.87 1.8 75.69 -1.87 0
Car 0 0 -10 0.0 279.92 724.96 627.08 1.72 2.06 4.02 -11.92 2.15 -3.39 1.5 3
Car 0 0 -10 523.12 644.01 1216.84 1257.17 2.05 2.36 4.55 -0.3 2.13 9.29 -1.58 0
Car 0 0 -10 776.02 29.4 918.27 208.6 1.99 1.76 1.58 24.23 -0.17 1.11 1.56 4
Car 0 0 -10 659.56 633.03 740.27 685.51 1.69 1.96 4.36 -8.46 1.7 68.99 -1.87 0
Car 0 0 -10 1297.24 645.89 1492.08 775.39 1.86 2.02 4.36 6.94 2.09 32.4 -1.6 0
