Car 0 0 -10 327.05 666.49 567.6 757.89 2.77 2.43 6.92 -16.45 3.9 64.55 -3.17 0
Car 0 0 -10 845.95 667.83 1082.58 868.45 1.59 1.95 4.45 -0.12 1.96 19.19 -1.58 0
Car 0 0 -10 670.06 669.16 893.54 764.65 1.53 1.67 3.64 -26.91 2.58 22.78 -3.89 1
Car 0 0 -10 852.65 284.44 1140.85 406.58 1.36 1.56 3.83 -27.61 2.56 0.39 -3.92 3
Car 0 0 -10 0 0 0 0 1.8 1.81 4.49 -16.64 3.02 -61.33 0.85 0
Car 0 0 -10 0.0 668.63 296.09 795.04 1.56 1.88 4.14 -27.6 2.4 11.62 -3.83 1
Car 0 0 -10 0 0 0 0 1.11 1.67 3.45 -16.01 2.66 -46.15 0.74 0
Car 0 0 -10 0 0 0 0 1.65 1.94 4.08 -15.65 2.47 -35.51 0.76 0
Car 0 0 -10 0.0 717.5 84.45 758.32 1.24 1.67 3.71 -31.44 4.14 67.65 -3.46 0
Car 0 0 -10 939.66 670.8 1089.44 820.49 1.82 1.88 4.0 0.46 2.39 27.89 -1.58 0
Car 0 0 -10 761.25 262.75 1380.99 571.43 1.82 2.0 4.61 -15.53 2.36 0.88 0.82 3
Car 0 0 -10 741.17 707.28 1168.05 1060.26 1.69 2.24 4.77 -0.14 2.26 13.19 -1.58 0
Car 0 0 -10 1512.06 675.59 1668.27 734.84 1.6 1.64 4.18 -29.9 3.6 56.89 -3.34 1
Car 0 0 -10 443.57 654.3 701.76 769.8 1.74 1.68 3.76 -27.4 2.48 18.85 -3.89 1
Pedestrian 0 0 -10 219.42 651.62 281.93 778.84 2.0 0.73 0.71 -31.43 2.7 15.37 -1.56 1
Car 0 0 -10 0 0 0 0 1.52 1.67 3.74 -27.95 3.08 -24.74 -3.85 0
Car 0 0 -10 0.0 221.31 77.15 525.44 2.22 2.27 5.22 -15.84 2.36 -9.91 0.82 3
Car 0 0 -10 0 0 0 0 1.35 1.86 4.0 -15.32 2.3 -14.02 0.8 0
Car 0 0 -10 0.0 709.27 35.29 759.57 1.45 1.88 3.93 -31.0 3.88 62.47 -3.35 0
Car 0 0 -10 107.31 682.08 492.41 951.45 1.74 2.0 4.71 -15.56 2.42 8.21 0.71 1
Car 0 0 -10 582.83 287.43 891.07 429.33 1.55 1.84 4.16 -27.41 2.78 -3.05 -3.92 3
Pedestrian 0 0 -10 416.19 254.49 479.43 371.06 1.74 0.84 0.95 -32.18 2.56 -7.97 -3.49 3
Car 0 0 -10 251.18 618.54 649.66 789.64 2.38 2.43 5.25 -26.5 2.53 16.16 -3.91 1
Car 0 0 -10 0 0 0 0 1.89 2.21 4.98 -16.07 2.44 -28.31 0.83 0
Car 0 0 -10 0 0 0 0 1.63 2.02 4.49 -6.28 2.22 -12.32 1.53 0
Pedestrian 0 0 -10 1632.37 664.67 1700.84 757.78 1.69 1.11 0.94 12.83 2.32 38.25 -3.1 0
Car 0 0 -10 1915.57 650.05 1920.0 760.02 1.88 2.03 4.53 18.87 2.24 37.49 -4.06 0
Car 0 0 -10 475.07 627.57 836.94 901.18 2.22 2.47 6.17 -16.18 2.42 12.33 0.82 1
Car 0 0 -10 45.74 293.04 307.22 437.49 1.55 1.82 4.3 -27.34 2.82 -10.44 -3.87 3
Car 0 0 -10 0.0 664.99 84.12 804.07 1.56 2.09 4.67 -27.07 2.28 8.12 -3.95 1
Car 0 0 -10 299.52 297.01 624.61 439.93 1.51 1.97 4.34 -27.12 2.84 -6.6 -3.98 3
Car 0 0 -10 0 0 0 0 1.6 1.93 4.49 -15.65 3.13 -50.03 0.78 0
Car 0 0 -10 0 0 0 0 1.47 1.88 4.53 -26.97 2.8 -27.0 -3.84 0
Car 0 0 -10 0 0 0 0 1.57 1.77 4.01 -16.07 2.46 -24.36 0.72 0
Car 0 0 -10 0 0 0 0 2.01 2.31 5.11 0.07 2.13 -8.66 -1.58 0
Car 0 0 -10 0 0 0 0 1.42 1.79 4.06 -15.72 2.81 -53.97 0.65 0
Car 0 0 -10 803.5 667.04 1013.23 754.84 1.51 1.73 3.76 -27.24 2.6 26.1 -3.89 1
Car 0 0 -10 1143.24 285.14 1498.87 418.31 1.42 1.92 4.26 -27.06 2.64 4.6 -3.91 3
Car 0 0 -10 450.31 778.2 1345.13 1280.0 1.49 2.13 4.61 -0.19 2.16 7.22 -1.57 0
Car 0 0 -10 0 0 0 0 1.42 1.96 4.24 -16.0 2.36 -16.97 0.79 0
Car 0 0 -10 884.99 685.4 1045.69 745.0 1.3 1.79 4.04 -36.55 3.29 36.95 0.05 1
Car 0 0 -10 0 0 0 0 1.51 1.77 4.18 -27.19 3.23 -34.95 -3.89 0
Car 0 0 -10 1238.43 683.26 1463.08 824.0 1.57 2.06 4.18 -15.59 2.61 22.79 0.77 1
Pedestrian 0 0 -10 0 0 0 0 2.2 0.88 0.64 -31.1 3.54 -42.45 -1.53 0
Pedestrian 0 0 -10 475.08 638.61 532.78 747.26 1.88 0.74 0.7 -31.26 2.41 20.02 -2.04 1
Car 0 0 -10 301.99 708.57 493.88 771.97 1.7 2.02 4.92 -16.37 3.94 58.67 -0.03 0
Car 0 0 -10 1013.75 651.7 1301.07 840.53 1.93 1.94 4.81 -15.75 2.47 18.9 0.56 1
Car 0 0 -10 0 0 0 0 1.47 2.12 4.68 -27.51 3.04 -31.58 -3.96 0
Car 0 0 -10 362.29 299.09 976.97 558.13 1.52 1.95 4.48 -16.29 2.39 -2.21 0.79 3
Pedestrian 0 0 -10 0.0 654.38 45.39 779.55 1.73 0.94 0.87 -30.16 2.38 10.92 -0.75 1
Car 0 0 -10 0.0 679.16 129.76 1003.3 1.82 2.11 4.65 -15.7 2.39 4.78 0.7 1
