Car 0 0 -10 327.1 666.78 567.63 758.19 2.77 2.43 6.92 -16.45 3.91 64.55 -3.17 0
Car 0 0 -10 845.96 667.92 1082.58 868.57 1.59 1.95 4.45 -0.12 1.97 19.19 -1.58 0
Car 0 0 -10 670.07 669.55 893.55 765.05 1.53 1.67 3.64 -26.91 2.59 22.78 -3.89 1
Car 0 0 -10 852.6 284.77 1140.86 406.95 1.36 1.56 3.83 -27.61 2.56 0.39 -3.92 3
Car 0 0 -10 0 0 0 0 1.8 1.81 4.49 -16.64 3.02 -61.33 0.85 0
Car 0 0 -10 0.0 669.01 296.17 795.44 1.56 1.88 4.14 -27.6 2.41 11.62 -3.83 1
Car 0 0 -10 0 0 0 0 1.11 1.67 3.45 -16.01 2.65 -46.15 0.74 0
Car 0 0 -10 0 0 0 0 1.65 1.94 4.08 -15.65 2.46 -35.51 0.76 0
Car 0 0 -10 0.0 717.28 84.5 758.09 1.24 1.67 3.71 -31.44 4.13 67.65 -3.46 0
Car 0 0 -10 939.67 670.95 1089.44 820.67 1.82 1.88 4.0 0.46 2.39 27.89 -1.58 0
Car 0 0 -10 761.18 262.97 1381.05 571.73 1.82 2.0 4.61 -15.53 2.36 0.88 0.82 3
Car 0 0 -10 742.35 708.35 1167.53 1060.41 1.69 2.24 4.77 -0.14 2.27 13.24 -1.58 0
Car 0 0 -10 1512.27 675.83 1668.45 735.08 1.6 1.64 4.18 -29.9 3.61 56.9 -3.34 1
Car 0 0 -10 443.59 654.69 701.78 770.2 1.74 1.68 3.76 -27.4 2.49 18.85 -3.89 1
Pedestrian 0 0 -10 286.49 646.65 332.95 771.06 2.0 0.73 0.71 -31.32 2.62 16.34 -1.1 1
Car 0 0 -10 0 0 0 0 1.52 1.67 3.74 -27.95 3.08 -24.74 -3.85 0
Car 0 0 -10 0.0 221.47 76.49 525.58 2.22 2.27 5.22 -15.84 2.36 -9.92 0.82 3
Car 0 0 -10 0 0 0 0 1.35 1.86 4.0 -15.32 2.3 -14.02 0.8 0
Car 0 0 -10 0.0 709.69 35.36 760.0 1.45 1.88 3.93 -31.0 3.89 62.47 -3.35 0
Car 0 0 -10 107.37 682.43 492.44 951.9 1.74 2.0 4.71 -15.56 2.42 8.21 0.71 1
Car 0 0 -10 582.66 287.74 890.94 429.67 1.55 1.84 4.16 -27.41 2.78 -3.06 -3.92 3
Pedestrian 0 0 -10 416.05 254.82 479.32 371.4 1.74 0.84 0.95 -32.18 2.56 -7.97 -3.49 3
Car 0 0 -10 251.22 618.93 649.68 790.06 2.38 2.43 5.25 -26.5 2.54 16.16 -3.91 1
Car 0 0 -10 0 0 0 0 1.89 2.21 4.98 -16.07 2.44 -28.31 0.83 0
Car 0 0 -10 0 0 0 0 1.63 2.02 4.49 -5.93 2.24 -18.2 1.52 0
Pedestrian 0 0 -10 1624.53 664.2 1700.37 757.68 1.69 1.11 0.94 12.78 2.32 38.3 -4.07 0
Car 0 0 -10 1915.51 650.01 1920.0 759.96 1.88 2.03 4.53 18.87 2.24 37.49 -4.06 0
Car 0 0 -10 475.16 627.92 836.95 901.6 2.22 2.47 6.17 -16.18 2.43 12.34 0.82 1
Car 0 0 -10 45.45 293.23 306.98 437.69 1.55 1.82 4.3 -27.34 2.82 -10.45 -3.87 3
Car 0 0 -10 0.0 665.41 84.16 804.54 1.56 2.09 4.67 -27.07 2.28 8.12 -3.95 1
Car 0 0 -10 300.17 297.3 625.27 440.22 1.51 1.97 4.34 -27.13 2.85 -6.59 -3.98 3
Car 0 0 -10 0 0 0 0 1.6 1.93 4.49 -15.65 3.13 -50.03 0.78 0
Car 0 0 -10 0 0 0 0 1.47 1.88 4.53 -26.97 2.8 -27.0 -3.84 0
Car 0 0 -10 0 0 0 0 1.57 1.77 4.01 -16.06 2.46 -24.35 0.72 0
Car 0 0 -10 0 0 0 0 2.01 2.31 5.11 0.07 2.13 -8.66 -1.58 0
Car 0 0 -10 0 0 0 0 1.42 1.79 4.06 -15.72 2.81 -53.97 0.65 0
Car 0 0 -10 803.51 666.54 1013.24 754.3 1.51 1.73 3.76 -27.24 2.59 26.1 -3.89 1
Car 0 0 -10 1143.25 285.48 1498.96 418.71 1.42 1.92 4.26 -27.06 2.64 4.6 -3.91 3
Car 0 0 -10 450.26 778.18 1345.22 1280.0 1.49 2.13 4.61 -0.19 2.16 7.22 -1.57 0
Car 0 0 -10 0 0 0 0 1.42 1.96 4.24 -16.0 2.36 -16.97 0.79 0
Car 0 0 -10 885.0 686.5 1045.69 746.19 1.3 1.79 4.04 -36.55 3.32 36.95 0.05 1
Car 0 0 -10 0 0 0 0 1.51 1.77 4.18 -27.19 3.23 -34.95 -3.89 0
Car 0 0 -10 1238.42 683.58 1463.06 824.34 1.57 2.06 4.18 -15.59 2.61 22.79 0.77 1
Pedestrian 0 0 -10 0 0 0 0 2.2 0.88 0.64 -31.15 3.51 -41.49 -1.53 0
Pedestrian 0 0 -10 488.26 638.88 545.68 745.86 1.88 0.74 0.7 -31.59 2.42 20.5 -1.98 1
Car 0 0 -10 302.04 708.85 493.91 772.25 1.7 2.02 4.92 -16.37 3.95 58.67 -0.03 0
Car 0 0 -10 1013.7 652.0 1300.97 840.87 1.93 1.94 4.81 -15.75 2.48 18.9 0.56 1
Car 0 0 -10 0 0 0 0 1.47 2.12 4.68 -27.52 3.04 -31.6 -3.96 0
Car 0 0 -10 328.19 298.31 953.5 560.63 1.52 1.95 4.48 -16.1 2.38 -2.4 0.79 3
Pedestrian 0 0 -10 0.0 658.38 88.6 783.97 1.73 0.94 0.87 -29.89 2.45 11.4 -0.35 1
Car 0 0 -10 0.0 679.47 129.8 1003.69 1.82 2.11 4.65 -15.7 2.4 4.78 0.7 1
