Car 0 0 -10 0 0 0 0 1.88 2.22 5.4 43.4 1.87 -48.74 -4.68 0
Car 0 0 -10 0 0 0 0 1.77 2.08 4.63 30.5 2.45 -16.3 -0.02 0
Car 0 0 -10 254.12 679.05 424.19 734.18 1.54 2.04 4.46 31.04 3.11 57.1 0.01 2
Car 0 0 -10 1567.67 721.6 1812.68 842.35 1.58 1.92 4.76 30.82 2.87 14.43 -0.03 2
Car 0 0 -10 464.54 734.15 810.53 859.32 1.51 2.07 4.76 18.42 3.12 25.0 -3.14 2
Car 0 0 -10 1287.75 269.21 1483.06 392.89 1.54 2.05 4.58 30.74 2.61 -5.65 0.0 4
Car 0 0 -10 0 0 0 0 1.56 2.02 4.28 17.88 2.53 -18.51 -3.14 0
Car 0 0 -10 1800.2 686.59 1920.0 742.73 1.76 2.06 4.53 30.94 3.26 67.75 0.04 0
Car 0 0 -10 0 0 0 0 1.58 1.99 4.51 30.16 2.21 -48.72 -4.66 0
Car 0 0 -10 1146.27 773.45 1551.39 962.68 1.5 2.02 4.56 18.36 3.03 12.34 -3.14 2
Car 0 0 -10 0 0 0 0 1.65 1.93 4.53 18.11 2.79 -16.0 -3.14 0
Car 0 0 -10 1897.59 689.14 1920.0 744.78 1.55 2.04 4.73 30.66 2.95 59.65 0.0 0
Car 0 0 -10 1911.6 737.74 1920.0 845.45 1.61 2.04 4.53 18.51 3.22 33.15 -3.14 0
Car 0 0 -10 1281.64 709.31 1515.92 820.28 1.63 2.07 4.63 30.5 2.89 19.58 -0.11 2
Car 0 0 -10 1578.6 702.95 1807.85 781.96 1.78 2.18 4.78 18.05 3.28 49.61 -3.24 0
Car 0 0 -10 0 0 0 0 1.48 2.05 4.72 45.88 1.77 -49.02 -4.69 0
Car 0 0 -10 1739.94 702.21 1920.0 846.42 1.86 2.08 4.83 31.28 2.76 11.82 -0.03 2
Car 0 0 -10 657.22 264.99 807.69 387.99 1.59 1.84 4.16 31.13 2.72 4.06 -0.02 4
Car 0 0 -10 1053.92 701.07 1287.51 801.91 1.67 2.01 4.79 30.62 2.94 24.7 -0.07 2
Car 0 0 -10 451.57 253.2 644.72 388.1 1.74 2.03 4.44 30.81 2.71 6.77 -0.02 4
Car 0 0 -10 866.79 664.26 955.82 738.93 1.85 2.25 4.53 -0.69 2.47 55.36 -1.57 0
Car 0 0 -10 0 0 0 0 1.55 2.09 4.6 17.91 2.73 -10.66 -3.14 0
Car 0 0 -10 0 0 0 0 1.56 2.02 4.44 38.3 2.07 -48.96 -4.66 0
Car 0 0 -10 285.58 678.1 474.01 740.03 1.67 2.13 4.84 30.87 3.15 54.4 0.01 2
Car 0 0 -10 944.87 765.56 1333.09 954.78 1.67 2.04 4.42 18.05 3.24 14.99 -3.14 2
Car 0 0 -10 378.89 725.69 709.62 860.6 1.79 2.14 4.71 18.6 3.37 27.7 -3.14 2
Car 0 0 -10 1161.32 707.21 1405.44 810.5 1.61 2.05 4.79 30.62 2.91 22.09 -0.04 2
Car 0 0 -10 0 0 0 0 1.76 1.93 4.33 48.38 1.7 -48.82 -4.69 0
Car 0 0 -10 1705.81 313.69 1920.0 549.01 1.56 2.08 4.6 17.97 2.59 -8.02 -3.14 4
Car 0 0 -10 0 0 0 0 1.57 1.94 4.49 18.04 2.72 -13.2 -3.14 0
Car 0 0 -10 0 0 0 0 1.83 2.18 5.0 56.08 1.63 -49.34 -4.69 0
Car 0 0 -10 1594.88 751.83 1920.0 1053.29 1.98 2.3 5.02 18.01 3.02 6.95 -3.16 2
Car 0 0 -10 0 0 0 0 1.87 2.17 4.77 53.52 1.96 -49.38 -4.69 0
Car 0 0 -10 1412.78 690.07 1554.19 747.69 1.78 1.99 4.09 17.71 3.38 67.68 -3.14 0
Pedestrian 0 0 -10 295.73 679.23 363.41 774.88 1.83 1.0 1.0 -11.94 2.57 41.15 -4.69 0
Car 0 0 -10 1670.56 702.36 1920.0 787.86 1.72 2.24 4.68 18.4 3.06 44.32 -3.14 0
Car 0 0 -10 0 0 0 0 1.55 1.77 4.11 30.33 2.47 -19.01 -0.0 0
Car 0 0 -10 770.75 737.51 1151.16 918.04 1.76 2.0 4.55 17.67 3.08 17.46 -0.02 2
Car 0 0 -10 0 0 0 0 1.66 2.07 4.55 32.67 2.17 -49.58 -4.66 0
Car 0 0 -10 0 0 0 0 1.47 1.94 4.49 31.11 2.52 -22.01 -3.12 0
Car 0 0 -10 1425.98 288.89 1852.24 571.72 1.92 2.29 5.01 18.12 2.76 -5.37 0.0 4
Car 0 0 -10 1381.25 717.66 1655.87 837.94 1.66 2.04 4.82 30.08 2.96 17.03 0.05 2
Car 0 0 -10 988.35 269.34 1138.65 392.31 1.52 1.99 4.54 30.47 2.64 -0.81 -0.02 4
Car 0 0 -10 780.66 676.79 1008.85 775.71 1.93 2.15 4.91 30.49 2.88 32.19 -0.08 2
Car 0 0 -10 1889.08 728.59 1920.0 882.64 1.78 2.14 4.97 30.54 3.0 9.3 -3.17 2
Car 0 0 -10 0 0 0 0 1.71 2.03 4.23 -0.14 1.89 -27.05 -1.56 0
Car 0 0 -10 1820.88 730.74 1920.0 821.88 1.48 1.76 4.63 18.02 3.07 35.75 -3.14 0
Car 0 0 -10 611.24 751.96 989.39 922.66 1.75 2.1 4.63 17.46 3.38 20.17 -0.02 2
Car 0 0 -10 1309.92 749.67 1759.93 1012.57 1.9 2.21 4.81 17.64 3.02 9.69 -0.04 2
Car 0 0 -10 896.42 339.41 1156.56 591.95 1.63 2.06 4.55 18.22 3.02 -0.05 -3.14 4
Car 0 0 -10 320.9 683.97 517.41 744.4 1.55 2.15 4.91 30.57 3.14 51.71 0.0 2
