Car 0 0 -10 0 0 0 0 1.77 2.08 4.63 30.36 2.4 -68.71 -0.01 0
Car 0 0 -10 1890.16 743.92 1920.0 855.54 1.64 2.1 4.35 17.87 3.32 32.75 -3.15 0
Car 0 0 -10 599.31 280.88 780.61 405.16 1.54 2.04 4.46 30.94 2.93 4.68 0.01 4
Car 0 0 -10 654.66 760.12 988.66 903.89 1.5 1.83 4.2 17.93 3.26 20.34 -3.14 2
Car 0 0 -10 0 0 0 0 1.51 2.07 4.76 18.18 2.93 -27.32 -3.14 0
Car 0 0 -10 0 0 0 0 1.54 2.05 4.58 30.52 2.66 -58.05 0.0 0
Car 0 0 -10 0 0 0 0 1.56 2.02 4.28 17.51 2.43 -70.87 -3.14 0
Car 0 0 -10 1507.97 717.5 1771.18 846.64 1.76 2.06 4.53 30.82 3.01 15.3 0.05 2
Car 0 0 -10 0 0 0 0 1.5 2.02 4.56 18.08 2.85 -40.02 -3.14 0
Car 0 0 -10 0 0 0 0 1.65 1.93 4.53 17.75 2.74 -68.36 -3.14 0
Car 0 0 -10 405.56 282.11 616.77 410.33 1.55 2.04 4.73 30.58 2.98 7.29 0.01 4
Car 0 0 -10 0 0 0 0 1.61 2.04 4.53 18.28 3.0 -19.25 -3.14 0
Car 0 0 -10 0 0 0 0 1.63 2.07 4.63 30.44 2.82 -32.86 -0.11 0
Car 0 0 -10 1157.32 333.02 1545.06 612.8 1.78 2.18 4.78 17.87 3.06 -2.75 -3.24 4
Car 0 0 -10 1289.41 793.17 1714.04 1024.97 1.65 2.09 4.64 18.04 3.28 10.3 -0.02 2
Car 0 0 -10 757.93 767.04 1142.36 916.01 1.39 2.03 4.66 17.97 3.14 17.96 -3.14 2
Car 0 0 -10 853.79 710.72 1077.09 797.6 1.57 1.95 4.47 30.27 3.2 29.89 0.03 2
Car 0 0 -10 1244.4 719.75 1503.19 828.92 1.64 2.11 4.79 30.99 3.13 20.42 -3.12 2
Car 0 0 -10 0 0 0 0 1.59 1.84 4.16 30.96 2.71 -48.31 -0.01 0
Car 0 0 -10 0 0 0 0 1.67 2.01 4.79 30.54 2.88 -27.69 -0.07 0
Car 0 0 -10 0 0 0 0 1.74 2.03 4.44 30.71 2.67 -45.64 -0.01 0
Car 0 0 -10 1836.1 825.85 1920.0 1098.19 1.53 2.1 4.58 17.89 3.15 5.04 -0.02 2
Car 0 0 -10 877.66 655.41 956.04 720.54 1.85 2.25 4.53 -0.64 2.27 62.55 -1.57 0
Car 0 0 -10 1673.63 738.07 1920.0 864.87 1.56 1.99 4.6 30.59 3.03 12.47 0.05 2
Car 0 0 -10 1850.54 753.21 1920.0 893.89 1.62 1.98 4.53 30.65 3.22 9.94 -3.12 2
Car 0 0 -10 784.02 276.29 949.52 411.61 1.67 2.13 4.84 30.81 2.96 2.0 0.02 4
Car 0 0 -10 0 0 0 0 1.61 2.05 4.79 30.42 2.77 -30.24 -0.05 0
Car 0 0 -10 0 0 0 0 1.57 1.94 4.49 17.68 2.67 -65.56 -3.14 0
Car 0 0 -10 0 0 0 0 1.98 2.3 5.02 17.71 2.95 -45.41 -3.16 0
Car 0 0 -10 435.99 729.12 781.58 869.85 1.7 2.13 4.72 17.98 3.24 25.11 -3.21 2
Car 0 0 -10 900.48 742.44 1272.14 936.28 1.78 1.99 4.09 17.54 3.06 15.37 -3.14 2
Pedestrian 0 0 -10 0 0 0 0 1.83 1.0 1.0 -12.55 2.18 -15.36 -4.49 0
Car 0 0 -10 1691.93 324.06 1920.0 580.6 1.72 2.24 4.68 18.23 2.87 -8.05 -3.14 4
Car 0 0 -10 0 0 0 0 1.76 2.0 4.55 17.43 2.83 -34.85 -0.02 0
Car 0 0 -10 775.17 692.78 1004.91 786.38 1.82 2.11 4.79 30.69 3.15 32.58 -3.13 2
Car 0 0 -10 1547.5 804.68 1920.0 1047.47 1.54 2.13 4.62 18.2 3.13 7.64 -3.14 2
Car 0 0 -10 1256.1 683.44 1423.47 741.37 1.49 1.83 4.41 -35.1 2.83 49.57 -0.02 1
Car 0 0 -10 0 0 0 0 1.92 2.29 5.01 17.79 2.6 -57.7 0.01 0
Car 0 0 -10 1053.85 720.31 1286.18 809.78 1.46 2.0 4.51 30.85 3.12 24.93 0.01 2
Car 0 0 -10 0 0 0 0 1.66 2.04 4.82 29.97 2.86 -35.35 0.05 0
Car 0 0 -10 0 0 0 0 1.52 1.99 4.54 30.34 2.65 -53.26 -0.01 0
Car 0 0 -10 703.94 684.32 923.19 777.73 1.92 2.11 4.79 30.88 3.13 35.31 -0.04 2
Car 0 0 -10 596.27 350.37 875.98 588.4 1.5 1.97 4.56 18.29 3.04 2.42 -3.14 4
Car 0 0 -10 0 0 0 0 1.93 2.15 4.91 30.44 2.72 -20.12 -0.07 0
Car 0 0 -10 1438.58 356.03 1824.67 636.65 1.8 2.08 4.54 18.03 3.28 -5.31 -3.14 4
Car 0 0 -10 0 0 0 0 1.78 2.14 4.97 30.45 2.88 -43.14 -3.17 0
Car 0 0 -10 1716.61 701.62 1920.0 800.83 1.97 2.34 5.0 19.28 3.26 43.44 -3.15 0
Car 0 0 -10 0 0 0 0 1.71 2.03 4.23 -0.05 2.02 -32.43 -1.57 0
Car 0 0 -10 1495.18 680.38 1691.65 737.02 1.31 1.97 4.48 -27.25 2.48 49.62 -0.03 1
Car 0 0 -10 0 0 0 0 1.48 1.76 4.63 17.56 3.01 -16.53 -3.14 0
Car 0 0 -10 0 0 0 0 1.75 2.1 4.63 17.47 3.21 -32.27 -0.02 0
Car 0 0 -10 916.3 353.66 1186.39 620.94 1.7 2.14 4.65 18.26 3.24 -0.24 -3.14 4
Car 0 0 -10 265.85 716.81 578.72 836.38 1.67 2.0 4.57 17.86 3.19 30.16 -3.15 2
Car 0 0 -10 1724.14 724.19 1920.0 822.88 1.81 2.12 4.64 18.12 3.47 40.52 -3.15 0
Car 0 0 -10 0 0 0 0 1.9 2.21 4.81 17.46 2.82 -42.61 -0.04 0
Car 0 0 -10 0 0 0 0 1.63 2.06 4.55 17.93 2.97 -52.51 -3.14 0
Car 0 0 -10 974.85 283.72 1131.08 412.74 1.55 2.15 4.91 30.61 2.92 -0.66 0.01 4
