Car 0 0 -10 0 0 0 0 1.88 2.21 4.69 10.44 0.58 -72.29 1.28 0
Car 0 0 -10 1271.83 221.78 1424.49 286.65 1.85 1.81 4.19 -63.62 1.02 10.69 -1.62 3
Pedestrian 0 0 -10 1397.04 709.47 1450.06 825.8 2.14 0.91 0.78 8.76 3.26 39.32 -1.3 0
Car 0 0 -10 1387.98 705.04 1516.77 822.32 2.15 2.35 4.96 9.97 3.27 41.92 -1.31 0
Car 0 0 -10 1251.38 215.84 1378.24 261.71 1.48 1.66 3.92 -72.15 0.33 11.07 -1.75 3
Pedestrian 0 0 -10 1602.04 290.9 1648.73 329.31 1.25 1.1 1.08 70.32 3.8 -21.86 -3.44 4
Car 0 0 -10 0 0 0 0 2.0 2.17 4.82 14.85 0.85 -61.86 -1.89 0
Car 0 0 -10 1239.36 213.55 1437.45 284.83 2.09 1.9 5.78 -66.06 0.99 10.8 -1.62 3
Car 0 0 -10 0.0 606.46 99.68 749.58 2.15 2.12 5.12 -35.4 1.48 11.35 -1.52 1
Pedestrian 0 0 -10 1683.2 746.63 1763.98 838.2 1.55 0.99 1.24 13.52 3.27 36.83 0.22 0
Car 0 0 -10 1232.5 236.5 1353.85 274.44 1.24 1.53 3.92 -74.36 0.8 10.66 -1.75 3
Pedestrian 0 0 -10 1520.45 716.37 1653.74 827.33 1.94 1.49 1.79 11.46 3.16 38.07 -0.46 0
Pedestrian 0 0 -10 1640.78 741.99 1698.83 832.11 1.58 0.79 1.08 12.95 3.26 37.97 -4.59 0
Car 0 0 -10 1158.37 225.94 1262.89 308.77 2.07 1.99 5.45 -56.41 1.46 5.71 -3.17 3
Pedestrian 0 0 -10 1659.97 755.95 1717.59 831.65 1.32 0.75 0.69 13.13 3.23 37.48 -0.21 0
