Pedestrian 0 0 -10 56.81 582.75 301.35 861.67 1.87 1.1 1.28 -14.23 1.65 6.46 -3.37 1
Car 0 0 -10 0 0 0 0 3.81 3.18 13.67 -4.06 2.41 -18.65 -1.59 0
Pedestrian 0 0 -10 674.76 695.89 1052.95 1175.16 1.86 1.08 1.26 6.15 2.1 6.65 -3.15 2
Car 0 0 -10 0 0 0 0 2.06 2.34 4.79 -1.15 2.63 -43.5 -1.65 0
Car 0 0 -10 1813.42 699.14 1920.0 881.08 2.2 2.03 4.19 29.73 3.12 10.39 -0.03 2
Car 0 0 -10 0 0 0 0 3.49 3.12 13.16 6.07 2.71 -58.66 -1.58 0
Car 0 0 -10 27.06 503.87 219.43 594.66 1.92 2.14 5.37 -46.28 -0.48 19.78 -3.16 1
Pedestrian 0 0 -10 1798.3 675.11 1920.0 1059.0 1.8 1.0 1.0 10.84 2.0 3.76 -1.53 2
Pedestrian 0 0 -10 588.54 656.46 668.24 762.23 1.7 0.91 0.92 20.22 1.84 27.89 -3.29 2
Pedestrian 0 0 -10 766.17 552.37 834.32 644.37 1.59 0.85 0.85 -27.36 0.38 23.73 -3.07 1
Car 0 0 -10 742.41 647.88 851.52 721.51 1.39 1.91 4.28 -3.12 1.58 42.46 -1.57 0
Car 0 0 -10 0 0 0 0 2.05 2.13 4.21 -0.15 2.37 -16.94 -1.61 0
Car 0 0 -10 0 0 0 0 3.58 3.33 13.86 5.93 2.26 -15.21 -1.56 0
Pedestrian 0 0 -10 1113.78 676.97 1184.37 769.35 1.89 1.03 1.1 33.7 2.6 27.97 -0.04 2
Pedestrian 0 0 -10 387.07 639.62 695.52 1111.56 1.83 0.9 1.0 -7.45 1.92 4.92 -1.38 1
Car 0 0 -10 159.95 532.52 367.89 614.62 1.6 2.23 4.59 -40.14 -0.05 20.14 -3.16 1
Pedestrian 0 0 -10 909.38 618.41 1019.26 769.29 1.78 1.03 1.17 0.16 1.52 24.74 -0.17 0
Pedestrian 0 0 -10 412.66 627.49 751.27 1181.09 1.96 0.85 1.03 -6.7 1.99 4.6 -1.36 1
Pedestrian 0 0 -10 78.67 598.01 328.15 907.16 1.78 1.04 1.18 -12.22 1.67 5.68 -0.02 1
Pedestrian 0 0 -10 1891.84 675.9 1920.0 884.17 1.96 0.99 1.04 21.14 2.35 7.23 -3.32 2
Pedestrian 0 0 -10 819.9 635.07 893.37 717.81 1.67 1.1 1.05 -1.93 1.57 42.33 -2.3 0
Pedestrian 0 0 -10 965.15 665.38 1045.45 770.14 1.93 0.96 1.21 28.35 2.32 27.05 -0.04 2
Pedestrian 0 0 -10 171.91 627.09 372.98 954.28 1.76 0.75 0.86 -11.05 1.82 5.55 -0.07 1
Car 0 0 -10 511.69 562.27 819.3 670.75 1.62 2.29 4.92 -26.75 0.73 20.25 -3.19 1
Pedestrian 0 0 -10 1730.22 696.44 1920.0 1080.4 1.71 1.0 1.0 10.25 2.01 3.84 -1.48 2
Pedestrian 0 0 -10 1539.25 780.98 1920.0 1280.0 1.62 0.94 1.11 2.27 2.03 5.35 -0.08 0
Car 0 0 -10 0 0 0 0 3.78 3.15 13.91 6.0 2.6 -40.61 -1.61 0
Pedestrian 0 0 -10 871.03 639.89 1082.37 1003.18 1.79 0.81 0.75 -7.56 1.88 7.69 -1.5 1
Car 0 0 -10 0 0 0 0 1.97 2.4 5.24 -3.94 2.51 -31.32 -1.59 0
Pedestrian 0 0 -10 658.93 625.64 691.63 694.7 1.85 0.74 0.97 -7.43 1.46 55.44 -4.7 0
Car 0 0 -10 0 0 0 0 1.69 2.03 4.4 -3.78 2.66 -40.49 -1.58 0
Car 0 0 -10 0 0 0 0 1.9 2.1 4.64 0.5 2.5 -30.58 -1.63 0
Pedestrian 0 0 -10 695.92 632.56 759.64 715.33 1.69 1.0 1.0 -4.64 1.54 42.68 -0.53 0
Pedestrian 0 0 -10 384.17 710.53 802.59 1280.0 1.78 0.92 1.15 -1.06 2.02 6.21 -3.28 0
Pedestrian 0 0 -10 1023.59 632.55 1265.58 960.43 2.0 1.03 1.18 10.33 1.92 8.56 -1.5 2
Pedestrian 0 0 -10 1182.0 562.7 1278.15 692.02 1.88 1.0 1.0 -18.6 0.94 24.55 -3.11 1
Car 0 0 -10 773.28 569.86 1122.17 714.28 1.85 2.27 4.57 -20.33 1.14 20.25 -3.16 1
Pedestrian 0 0 -10 0.0 616.31 35.35 887.87 1.65 0.99 1.02 -13.79 1.67 4.67 -2.87 1
Pedestrian 0 0 -10 1566.98 621.73 1638.06 708.45 1.79 1.03 1.08 13.68 1.4 42.83 1.38 0
Car 0 0 -10 0 0 0 0 1.85 2.5 5.0 0.99 2.69 -56.06 -1.63 0
Pedestrian 0 0 -10 1424.98 634.2 1470.21 704.17 1.7 0.85 1.03 12.27 1.56 50.42 -1.59 0
Pedestrian 0 0 -10 1600.06 168.93 1675.33 335.35 1.68 0.59 0.59 -21.12 1.24 6.95 -4.68 3
Car 0 0 -10 926.69 814.74 1920.0 1280.0 1.53 2.03 4.83 5.05 2.18 2.0 -1.38 2
Pedestrian 0 0 -10 1598.55 110.86 1639.37 162.29 1.7 1.0 1.0 -69.4 -1.71 22.51 -3.25 3
Pedestrian 0 0 -10 1805.9 622.75 1900.88 742.2 1.81 1.18 1.14 13.99 1.54 31.44 -4.5 0
Pedestrian 0 0 -10 0.0 618.12 206.17 923.14 1.67 1.02 1.05 -12.04 1.69 4.93 0.18 1
Pedestrian 0 0 -10 494.6 649.67 539.95 725.34 1.75 0.85 0.86 26.82 1.77 41.42 -3.89 2
Car 0 0 -10 0 0 0 0 2.1 2.16 4.9 -3.8 2.79 -63.14 -1.6 0
Car 0 0 -10 0 0 0 0 2.2 2.37 4.96 1.57 2.64 -44.72 -1.63 0
Pedestrian 0 0 -10 1570.29 182.93 1710.75 365.29 1.65 1.0 1.0 -19.18 1.38 6.32 -3.12 3
Pedestrian 0 0 -10 1598.51 622.57 1666.09 710.73 1.83 0.91 1.03 14.4 1.46 43.07 1.19 0
Car 0 0 -10 811.66 611.21 895.3 697.45 2.53 2.28 5.78 -2.91 1.65 62.98 -1.57 0
Pedestrian 0 0 -10 266.51 640.64 388.27 798.84 1.67 0.89 0.97 -6.79 1.68 22.37 -4.44 0
Car 0 0 -10 1618.96 697.89 1920.0 902.1 2.08 2.1 4.31 24.42 2.86 10.43 -0.04 2
Pedestrian 0 0 -10 0.0 556.59 1.59 794.24 1.91 0.94 1.0 -18.13 1.45 5.98 -3.19 1
Pedestrian 0 0 -10 0.0 524.84 39.65 736.07 2.03 1.0 1.0 -21.3 1.18 7.47 -3.35 1
Pedestrian 0 0 -10 1454.59 632.0 1498.55 702.81 1.71 0.86 1.01 12.91 1.51 50.12 -1.51 0
Pedestrian 0 0 -10 517.42 644.98 562.26 724.92 1.84 0.84 0.83 27.02 1.75 40.79 -3.89 2
Pedestrian 0 0 -10 750.89 631.93 771.36 672.91 1.48 0.7 0.64 -6.87 1.18 74.45 1.54 0
Car 0 0 -10 0 0 0 0 1.76 1.85 4.09 -3.85 2.7 -48.19 -1.61 0
Pedestrian 0 0 -10 1907.42 678.49 1920.0 931.68 1.79 0.9 1.04 16.22 2.11 5.27 -0.07 2
Car 0 0 -10 0 0 0 0 1.56 2.04 4.06 -0.18 2.29 -8.89 -1.59 0
Pedestrian 0 0 -10 0.0 590.05 155.27 833.23 1.75 1.05 1.07 -15.77 1.57 6.16 -3.36 1
Car 0 0 -10 791.97 623.73 889.64 706.66 2.2 2.33 4.9 -2.99 1.75 57.05 -1.55 0
Car 0 0 -10 1097.74 593.72 1510.28 764.71 1.85 2.07 4.44 -14.35 1.46 20.24 -3.16 1
Car 0 0 -10 0 0 0 0 1.56 2.24 4.9 3.2 2.21 -5.16 -1.5 0
Car 0 0 -10 310.95 549.08 553.15 638.18 1.55 2.18 4.69 -33.85 0.33 20.29 -3.17 1
Car 0 0 -10 758.2 616.02 878.12 712.85 2.21 2.27 5.59 -3.12 1.63 49.6 -1.52 0
Car 0 0 -10 0 0 0 0 1.73 1.75 4.06 -3.81 2.8 -52.4 -1.61 0
Pedestrian 0 0 -10 760.74 634.19 779.38 672.67 1.39 0.66 0.68 -6.55 1.18 74.54 1.5 0
Pedestrian 0 0 -10 579.86 655.51 635.45 750.58 1.65 0.77 0.76 21.42 1.78 30.18 -2.87 2
Pedestrian 0 0 -10 0.0 540.25 59.57 786.39 2.04 0.86 0.98 -18.32 1.43 6.58 -3.23 1
Pedestrian 0 0 -10 1563.95 143.9 1658.62 338.72 1.91 0.74 0.68 -20.58 1.24 6.51 -3.12 3
Car 0 0 -10 872.17 637.17 984.88 687.01 1.7 2.31 4.92 -0.73 1.62 74.39 -1.17 0
Car 0 0 -10 1046.95 636.08 1113.92 688.9 1.64 2.05 4.37 4.32 1.53 67.24 -1.48 0
Pedestrian 0 0 -10 677.43 632.14 710.43 690.51 1.7 0.88 0.86 -7.53 1.47 60.25 1.55 0
Pedestrian 0 0 -10 195.13 607.06 419.22 1026.87 1.9 0.87 0.9 -9.26 1.85 4.81 0.28 1
Pedestrian 0 0 -10 1546.96 629.14 1610.94 703.32 1.6 0.93 1.08 13.81 1.36 44.84 1.35 0
Pedestrian 0 0 -10 790.46 540.61 859.37 644.69 1.82 0.86 0.88 -27.37 0.38 24.32 -3.07 1
Pedestrian 0 0 -10 857.66 628.76 956.85 759.54 1.57 1.03 1.07 -0.54 1.43 25.24 -0.18 0
Pedestrian 0 0 -10 522.55 640.11 616.06 764.58 1.87 0.88 1.13 18.22 1.74 26.64 -3.36 2
Pedestrian 0 0 -10 237.35 666.2 481.12 994.31 1.59 0.85 0.97 -9.92 1.86 5.46 -0.06 1
Pedestrian 0 0 -10 0.0 610.55 76.35 939.2 1.76 1.06 1.1 -12.09 1.75 4.18 -2.6 1
Car 0 0 -10 943.23 621.99 1002.46 689.89 2.05 1.78 4.22 0.74 1.49 64.08 -1.55 0
Pedestrian 0 0 -10 1813.62 703.84 1920.0 896.38 1.79 1.16 1.07 20.9 2.47 7.77 -3.17 2
Pedestrian 0 0 -10 834.26 548.93 914.31 657.93 1.74 0.79 1.07 -24.49 0.55 22.82 0.02 1
Pedestrian 0 0 -10 93.56 685.5 257.1 957.46 1.4 0.62 0.63 -11.0 1.8 4.95 -0.09 1
Car 0 0 -10 835.19 636.05 896.6 693.56 2.05 2.16 4.96 -3.12 1.92 76.86 -1.59 0
Pedestrian 0 0 -10 488.85 631.74 571.65 756.53 1.65 0.76 0.8 -5.67 1.54 27.72 -4.25 0
Pedestrian 0 0 -10 45.32 666.58 431.43 1202.41 1.88 1.0 1.18 -2.64 1.99 7.73 -3.24 0
Car 0 0 -10 1252.79 643.2 1352.26 701.06 1.63 1.99 4.81 10.63 1.75 62.02 -1.62 0
Pedestrian 0 0 -10 1190.79 689.55 1414.34 1094.57 1.87 0.99 1.15 8.64 2.12 6.08 -0.52 2
