Pedestrian 0 0 -10 0.0 682.61 114.32 1261.34 1.87 1.1 1.28 -3.74 2.03 7.08 -3.26 0
Car 0 0 -10 0 0 0 0 3.81 3.18 13.67 -4.06 2.42 -18.65 -1.59 0
Pedestrian 0 0 -10 1630.44 669.54 1812.45 925.25 1.86 1.08 1.26 15.53 2.11 7.07 -3.35 2
Car 0 0 -10 0 0 0 0 2.06 2.34 4.79 -1.12 2.67 -43.82 -1.64 0
Car 0 0 -10 1813.52 699.39 1920.0 881.38 2.2 2.03 4.19 29.73 3.13 10.39 -0.03 2
Car 0 0 -10 0 0 0 0 3.49 3.12 13.16 6.07 2.73 -58.66 -1.58 0
Car 0 0 -10 27.33 502.92 219.68 593.81 1.92 2.14 5.37 -46.28 -0.5 19.78 -3.16 1
Pedestrian 0 0 -10 1538.71 289.61 1789.43 653.99 1.8 1.0 1.0 10.91 2.1 -3.73 -1.56 4
Pedestrian 0 0 -10 0.0 583.91 73.66 809.14 1.72 1.02 1.14 -17.03 1.49 6.11 -3.09 1
Pedestrian 0 0 -10 701.24 659.49 760.6 750.28 1.7 0.91 0.92 24.85 1.94 30.99 -4.32 2
Pedestrian 0 0 -10 1107.26 577.31 1188.13 687.25 1.59 0.85 0.85 -19.3 0.88 23.48 -3.24 1
Car 0 0 -10 742.38 647.11 851.5 720.65 1.39 1.91 4.28 -3.12 1.56 42.46 -1.57 0
Car 0 0 -10 0 0 0 0 2.05 2.13 4.21 -0.15 2.37 -16.94 -1.61 0
Car 0 0 -10 0 0 0 0 3.58 3.33 13.86 5.93 2.28 -15.21 -1.56 0
Pedestrian 0 0 -10 810.97 660.11 896.35 770.64 1.89 1.03 1.1 24.39 2.14 26.97 -0.03 2
Pedestrian 0 0 -10 135.48 254.33 499.71 804.8 1.83 0.9 1.0 -7.48 2.02 -2.3 -1.57 3
Car 0 0 -10 160.22 531.54 368.13 613.68 1.6 2.23 4.59 -40.14 -0.07 20.14 -3.16 1
Pedestrian 0 0 -10 0.0 613.14 47.13 776.13 1.78 1.03 1.17 -10.8 1.48 22.74 -0.25 0
Pedestrian 0 0 -10 6.25 227.23 415.32 865.28 1.96 0.85 1.03 -6.86 2.05 -2.47 -1.59 3
Pedestrian 0 0 -10 1547.78 187.19 1618.16 293.9 1.7 1.0 1.0 -33.37 1.3 10.17 -1.37 3
Pedestrian 0 0 -10 1649.74 94.55 1688.63 146.89 1.7 1.0 1.0 -68.49 -2.22 23.9 -3.09 3
Pedestrian 0 0 -10 780.07 636.8 847.99 713.25 1.67 1.1 1.05 -3.04 1.6 45.8 0.65 0
Pedestrian 0 0 -10 539.41 639.75 639.23 765.93 1.93 0.96 1.21 18.79 1.79 26.94 0.03 2
Pedestrian 0 0 -10 1561.0 178.65 1662.05 395.34 1.76 0.75 0.86 -17.26 1.49 5.43 0.25 3
Car 0 0 -10 511.92 561.25 819.51 669.73 1.62 2.29 4.92 -26.75 0.71 20.25 -3.19 1
Pedestrian 0 0 -10 1604.56 308.44 1877.5 678.37 1.71 1.0 1.0 10.29 2.09 -3.91 -1.57 4
Pedestrian 0 0 -10 236.13 668.73 537.5 1047.6 1.62 0.94 1.11 -8.85 1.88 5.0 -0.02 1
Car 0 0 -10 0 0 0 0 3.78 3.15 13.91 6.0 2.61 -40.61 -1.61 0
Pedestrian 0 0 -10 1800.94 718.83 1845.0 777.66 1.8 1.0 1.0 65.72 4.38 26.8 0.03 2
Pedestrian 0 0 -10 860.68 638.94 1073.24 1002.74 1.79 0.81 0.75 -7.59 1.88 7.65 -1.63 1
Pedestrian 0 0 -10 1748.11 719.96 1789.81 779.23 1.8 0.95 0.83 63.88 4.37 27.79 0.11 2
Car 0 0 -10 0 0 0 0 1.97 2.4 5.24 -3.94 2.52 -31.32 -1.59 0
Pedestrian 0 0 -10 702.08 628.96 729.24 688.19 1.85 0.74 0.97 -7.39 1.5 64.6 -4.71 0
Car 0 0 -10 0 0 0 0 1.69 2.03 4.4 -3.78 2.67 -40.49 -1.58 0
Pedestrian 0 0 -10 1486.92 636.29 1540.8 705.38 1.6 0.88 1.06 13.29 1.51 48.18 1.43 0
Car 0 0 -10 0 0 0 0 1.9 2.1 4.64 0.5 2.48 -30.58 -1.63 0
Pedestrian 0 0 -10 661.55 630.11 721.18 710.88 1.69 1.0 1.0 -5.52 1.48 43.66 1.13 0
Pedestrian 0 0 -10 1100.46 693.7 1370.42 1063.69 1.78 0.92 1.15 8.79 2.07 6.63 -3.2 2
Pedestrian 0 0 -10 1020.83 633.81 1257.19 964.13 2.0 1.03 1.18 10.22 1.93 8.53 -1.3 2
Pedestrian 0 0 -10 1808.73 673.77 1920.0 938.65 1.85 0.79 0.78 15.39 2.12 5.77 -0.01 2
Pedestrian 0 0 -10 1572.48 588.85 1684.9 746.19 1.88 1.0 1.0 -11.86 1.37 23.68 -3.22 1
Car 0 0 -10 773.5 568.83 1122.37 713.25 1.85 2.27 4.57 -20.33 1.12 20.25 -3.16 1
Pedestrian 0 0 -10 1046.0 263.04 1379.1 690.44 1.65 0.99 1.02 -8.91 1.9 1.02 -2.1 3
Pedestrian 0 0 -10 1453.68 624.53 1498.47 696.3 1.79 1.03 1.08 13.31 1.4 51.73 -4.52 0
Pedestrian 0 0 -10 1592.57 138.04 1706.32 322.03 1.95 0.85 1.04 -22.4 1.16 7.5 -3.21 3
Car 0 0 -10 0 0 0 0 1.85 2.5 5.0 1.01 2.72 -56.53 -1.63 0
Pedestrian 0 0 -10 1542.78 629.17 1606.48 713.74 1.7 0.85 1.03 12.77 1.48 41.79 -1.79 0
Pedestrian 0 0 -10 1600.14 168.03 1675.43 334.46 1.68 0.59 0.59 -21.12 1.23 6.95 -4.68 3
Car 0 0 -10 926.57 814.99 1920.0 1280.0 1.53 2.03 4.83 5.05 2.18 2.0 -1.38 2
Pedestrian 0 0 -10 0.0 496.73 17.9 555.45 1.7 1.0 1.0 -63.29 -1.76 23.14 -3.25 1
Pedestrian 0 0 -10 1683.52 620.91 1767.56 718.01 1.81 1.18 1.14 14.68 1.45 38.59 -4.71 0
Pedestrian 0 0 -10 0.0 578.25 178.9 881.22 1.87 1.0 1.0 -13.46 1.64 5.43 -2.96 1
Car 0 0 -10 0 0 0 0 2.1 2.16 4.9 -3.8 2.81 -63.14 -1.6 0
Pedestrian 0 0 -10 0.0 551.37 77.68 740.3 1.82 0.91 0.88 -20.96 1.21 7.85 -3.09 1
Pedestrian 0 0 -10 1843.32 707.95 1920.0 938.65 1.67 0.99 1.04 16.54 2.24 5.85 -0.11 2
Car 0 0 -10 0 0 0 0 2.2 2.37 4.96 1.57 2.66 -44.72 -1.63 0
Pedestrian 0 0 -10 133.72 622.61 350.64 895.65 1.65 1.0 1.0 -12.6 1.7 6.13 -3.12 1
Pedestrian 0 0 -10 1481.69 624.72 1523.43 698.22 1.83 0.91 1.03 13.94 1.44 51.58 -4.56 0
Car 0 0 -10 811.64 610.37 895.29 696.61 2.53 2.28 5.78 -2.91 1.63 62.98 -1.57 0
Pedestrian 0 0 -10 8.25 593.81 190.66 866.3 1.81 0.9 0.93 -14.31 1.67 5.91 -3.16 1
Pedestrian 0 0 -10 327.14 630.91 425.71 774.26 1.67 0.89 0.97 -6.83 1.56 24.45 -4.7 0
Car 0 0 -10 1619.02 698.08 1920.0 902.34 2.08 2.1 4.31 24.42 2.86 10.43 -0.04 2
Pedestrian 0 0 -10 230.91 596.08 452.49 921.83 1.91 0.94 1.0 -11.73 1.78 6.36 -3.19 1
Pedestrian 0 0 -10 1581.35 629.34 1644.81 714.32 1.71 0.86 1.01 13.57 1.49 41.79 -1.75 0
Car 0 0 -10 0 0 0 0 1.76 1.85 4.09 -3.85 2.71 -48.19 -1.61 0
Pedestrian 0 0 -10 939.08 718.55 1276.77 1210.03 1.79 0.9 1.04 6.42 2.12 5.49 0.13 2
Car 0 0 -10 0 0 0 0 1.56 2.04 4.06 -0.18 2.29 -8.89 -1.59 0
Pedestrian 0 0 -10 846.93 619.98 1041.71 858.76 1.75 1.05 1.07 -11.28 1.73 11.18 -4.62 1
Car 0 0 -10 791.94 622.95 889.63 705.82 2.2 2.33 4.9 -2.99 1.73 57.05 -1.55 0
Car 0 0 -10 1097.95 592.68 1510.48 763.68 1.85 2.07 4.44 -14.35 1.45 20.24 -3.16 1
Car 0 0 -10 0 0 0 0 1.56 2.24 4.9 3.2 2.22 -5.16 -1.5 0
Car 0 0 -10 311.2 548.08 553.38 637.19 1.55 2.18 4.69 -33.85 0.31 20.29 -3.17 1
Car 0 0 -10 758.17 615.16 878.1 711.99 2.21 2.27 5.59 -3.12 1.61 49.6 -1.52 0
Car 0 0 -10 0 0 0 0 1.73 1.75 4.06 -3.81 2.82 -52.4 -1.61 0
Pedestrian 0 0 -10 579.8 655.24 635.4 750.3 1.65 0.77 0.76 21.42 1.78 30.18 -2.87 2
Pedestrian 0 0 -10 1551.56 193.27 1625.93 301.93 1.7 1.0 1.0 -32.76 1.4 10.08 -1.42 3
Pedestrian 0 0 -10 266.15 587.27 461.32 910.68 2.04 0.86 0.98 -12.44 1.85 6.9 -3.17 1
Pedestrian 0 0 -10 1564.02 143.0 1658.71 337.85 1.91 0.74 0.68 -20.58 1.23 6.51 -3.12 3
Car 0 0 -10 904.79 634.8 991.83 682.77 1.7 2.31 4.92 -0.02 1.52 76.84 -1.37 0
Car 0 0 -10 1041.23 631.78 1188.83 751.26 1.64 2.05 4.37 2.4 1.53 30.78 -1.53 0
Pedestrian 0 0 -10 712.47 633.74 741.4 684.63 1.7 0.88 0.86 -7.52 1.49 69.07 -4.71 0
Pedestrian 0 0 -10 1552.3 177.73 1693.5 442.38 1.9 0.87 0.9 -15.31 1.65 4.89 0.16 3
Pedestrian 0 0 -10 1438.38 631.33 1487.94 694.24 1.6 0.93 1.08 13.25 1.38 52.79 1.47 0
Pedestrian 0 0 -10 1140.46 564.49 1222.69 688.39 1.82 0.86 0.88 -19.25 0.91 24.22 -3.21 1
Pedestrian 0 0 -10 1484.3 610.98 1607.3 743.66 1.57 1.03 1.07 -12.54 1.34 22.86 0.01 1
Pedestrian 0 0 -10 857.48 663.6 934.77 767.77 1.87 0.88 1.13 26.1 2.2 27.69 -2.99 2
Pedestrian 0 0 -10 0 0 0 0 1.76 1.06 1.1 -8.02 2.05 -4.69 -1.65 0
Pedestrian 0 0 -10 1624.05 96.09 1661.54 148.35 1.7 1.0 1.0 -68.67 -2.17 23.07 -3.05 3
Car 0 0 -10 938.97 618.39 1017.04 708.12 2.05 1.78 4.22 0.64 1.53 48.89 -1.57 0
Pedestrian 0 0 -10 1767.24 702.41 1920.0 930.19 1.7 0.89 0.9 16.48 2.23 6.5 -0.04 2
Car 0 0 -10 835.16 635.27 896.59 692.74 2.05 2.16 4.96 -3.12 1.89 76.86 -1.59 0
Pedestrian 0 0 -10 594.38 633.29 644.99 732.91 1.65 0.76 0.8 -5.55 1.54 34.46 1.51 0
Pedestrian 0 0 -10 939.09 673.66 1209.48 1031.82 1.88 1.0 1.18 8.83 2.06 7.82 -3.11 2
Pedestrian 0 0 -10 1917.36 681.74 1920.0 931.7 1.71 0.75 0.74 15.53 2.04 5.04 0.02 2
Car 0 0 -10 1252.82 642.56 1352.31 700.37 1.63 1.99 4.81 10.63 1.73 62.02 -1.62 0
Pedestrian 0 0 -10 36.49 603.03 262.47 919.03 1.83 1.0 1.0 -12.43 1.76 5.43 -3.13 1
Pedestrian 0 0 -10 246.09 637.1 631.13 1213.93 1.87 0.99 1.15 -6.41 1.94 3.86 -0.86 1
