Car 0 0 -10 0 0 0 0 1.79 2.04 4.76 16.03 3.79 -15.04 -3.11 0
Car 0 0 -10 1441.93 685.45 1592.21 747.18 1.75 1.98 4.39 -33.88 2.32 57.48 -2.88 1
Car 0 0 -10 566.25 661.22 712.97 725.49 2.14 2.4 5.62 -61.28 2.15 44.13 0.02 1
Car 0 0 -10 1167.96 498.6 1486.64 831.19 1.75 2.01 4.7 17.15 4.33 -2.9 -3.11 4
Car 0 0 -10 0 0 0 0 1.98 2.23 5.13 16.88 3.22 -33.15 -3.09 0
Car 0 0 -10 704.73 653.08 915.74 751.59 2.54 2.42 6.09 -44.38 2.3 37.66 -0.01 1
Car 0 0 -10 1105.63 658.94 1274.91 744.89 2.47 2.12 4.9 -40.53 2.28 49.69 0.01 1
Car 0 0 -10 0 0 0 0 1.49 2.06 4.88 5.86 2.23 -52.66 -3.08 0
Car 0 0 -10 497.37 667.33 635.79 710.43 1.35 1.97 4.08 39.19 2.69 57.16 -3.15 2
Car 0 0 -10 966.16 599.69 1195.86 711.39 3.19 2.85 7.28 46.83 2.31 41.08 -0.01 2
Car 0 0 -10 462.53 673.16 590.51 728.91 1.82 2.16 4.82 -63.29 2.28 40.73 0.01 1
Car 0 0 -10 861.5 492.91 1138.92 815.85 1.69 2.01 4.7 17.16 4.27 -0.35 -3.11 4
Car 0 0 -10 1490.66 676.15 1697.05 751.59 1.69 1.91 4.36 15.27 2.41 48.8 -3.11 0
Car 0 0 -10 881.8 654.11 1059.01 732.16 2.46 2.55 6.03 -49.94 2.15 49.54 0.03 1
Car 0 0 -10 893.53 664.11 1043.49 719.85 1.73 1.99 4.6 0.57 2.32 67.89 -2.57 0
Car 0 0 -10 524.04 682.86 668.72 736.17 1.51 2.06 4.85 -54.72 2.22 37.74 0.0 1
Pedestrian 0 0 -10 1023.59 289.61 1121.49 445.83 1.83 1.1 1.11 -25.28 1.97 0.98 -1.56 3
Car 0 0 -10 0 0 0 0 1.94 2.34 5.68 16.46 3.18 -41.24 -3.2 0
Car 0 0 -10 992.73 775.03 1361.83 1006.93 2.2 2.65 6.15 20.48 4.21 16.62 -1.05 2
Car 0 0 -10 344.66 651.73 522.68 717.93 1.86 2.06 4.71 32.32 2.64 53.95 -3.16 2
Car 0 0 -10 1662.24 687.4 1854.89 744.66 1.5 2.07 4.69 22.64 2.66 57.36 -3.15 0
Car 0 0 -10 1190.55 796.12 1812.02 1035.07 1.59 3.07 5.35 18.3 3.41 10.6 -1.43 2
Car 0 0 -10 962.71 664.25 1171.34 745.07 2.14 2.45 5.87 -40.84 2.16 44.4 -0.01 1
Car 0 0 -10 0 0 0 0 1.52 2.11 4.83 -7.22 2.04 -39.64 -1.84 0
Car 0 0 -10 1415.62 672.77 1635.66 745.21 1.79 2.03 5.25 15.08 2.5 53.98 -3.11 0
Car 0 0 -10 757.37 698.93 1008.29 892.04 1.65 2.03 3.87 -0.58 2.23 20.73 -1.48 0
Car 0 0 -10 1535.87 761.7 1768.92 848.51 1.61 2.04 4.71 44.64 4.6 21.74 -1.57 2
Car 0 0 -10 1708.16 676.15 1916.34 748.78 1.81 2.17 4.73 22.68 2.6 53.8 -3.13 0
Car 0 0 -10 808.03 670.02 1013.74 760.27 2.0 2.19 5.07 -37.0 2.19 34.57 0.04 1
Car 0 0 -10 1412.47 674.43 1605.31 740.65 1.74 1.99 4.81 15.5 2.53 57.11 -3.17 0
Car 0 0 -10 792.98 675.34 1107.91 817.6 1.89 2.23 4.74 -22.05 2.07 21.48 1.41 1
Car 0 0 -10 250.13 663.91 399.82 715.9 1.49 1.87 3.91 30.65 2.67 57.4 -3.2 2
Car 0 0 -10 864.8 663.9 997.17 703.61 1.39 2.11 4.82 53.21 2.64 54.17 -3.16 2
