Car 0 0 -10 0.0 600.8 103.69 831.23 2.73 2.04 4.81 -13.41 2.19 25.5 -0.0 0
Car 0 0 -10 475.59 653.58 829.27 767.78 2.04 2.45 6.63 24.54 2.57 32.52 -3.12 2
Car 0 0 -10 493.48 680.14 589.73 735.22 1.48 2.03 4.68 -12.05 2.5 60.72 1.54 0
Car 0 0 -10 0 0 0 0 1.79 2.04 4.76 15.87 3.74 -31.17 -3.1 0
Car 0 0 -10 157.68 673.52 563.44 809.8 1.77 2.04 5.13 -8.22 2.18 28.88 -0.01 0
Car 0 0 -10 708.34 657.0 978.59 772.33 2.14 2.4 5.62 -32.2 2.05 28.19 -0.0 1
Car 0 0 -10 1546.81 303.31 1647.5 344.49 1.23 2.07 4.53 -70.98 1.81 21.62 -0.01 3
Car 0 0 -10 881.41 690.37 1098.69 763.21 1.48 2.06 4.78 -33.81 2.13 34.2 -0.1 1
Car 0 0 -10 1080.67 295.87 1233.57 353.67 1.8 2.18 4.97 70.51 4.36 -6.78 1.54 4
Car 0 0 -10 0 0 0 0 1.98 2.23 5.13 16.66 2.96 -49.18 -3.08 0
Car 0 0 -10 1295.22 629.7 1920.0 888.11 2.54 2.42 6.09 6.9 2.4 21.72 -0.01 0
Car 0 0 -10 725.63 310.06 854.64 361.57 1.54 1.97 4.15 67.76 4.73 5.51 -1.63 4
Car 0 0 -10 202.76 659.97 367.17 741.34 1.94 2.1 4.77 -50.57 1.98 25.22 -0.01 1
Car 0 0 -10 211.61 638.06 461.93 758.81 2.47 2.12 4.9 -13.32 2.31 44.74 -0.92 0
Car 0 0 -10 587.84 673.28 751.31 743.5 1.74 2.09 4.46 -45.64 2.08 33.85 -0.01 1
Car 0 0 -10 0 0 0 0 1.49 2.06 4.88 4.81 2.15 -68.69 -3.09 0
Car 0 0 -10 0 0 0 0 1.51 2.03 4.85 -14.14 1.75 -28.52 -1.61 0
Car 0 0 -10 828.31 684.15 984.58 736.59 1.35 1.97 4.08 39.38 2.85 40.93 -3.15 2
Car 0 0 -10 516.07 672.34 742.97 771.21 1.82 2.16 4.82 -35.17 2.07 25.01 -0.0 1
Car 0 0 -10 393.24 667.45 530.71 727.07 1.69 2.01 4.53 -56.28 1.93 33.91 -0.01 1
Car 0 0 -10 1141.9 654.55 1345.1 761.12 2.46 2.55 6.03 -31.92 2.2 41.47 -1.76 1
Car 0 0 -10 55.89 671.34 165.52 718.39 1.44 1.87 4.44 -69.26 1.91 28.32 -0.02 1
Car 0 0 -10 1053.34 702.87 1450.39 843.4 1.51 2.06 4.85 -16.74 2.06 21.61 0.0 1
Pedestrian 0 0 -10 640.0 267.19 743.68 421.95 1.83 1.1 1.11 -25.34 1.78 -3.47 -1.6 3
Car 0 0 -10 0 0 0 0 1.94 2.34 5.68 16.24 3.04 -57.35 -3.2 0
Car 0 0 -10 648.32 344.77 874.04 540.13 2.2 2.65 6.15 30.04 4.27 2.61 -0.01 4
Car 0 0 -10 714.69 291.12 880.81 352.4 1.97 2.5 5.66 72.8 4.73 5.65 -1.58 4
Car 0 0 -10 250.17 682.02 443.67 760.22 1.51 2.03 4.66 -41.65 2.03 22.19 -0.02 1
Car 0 0 -10 687.94 665.99 892.3 748.09 1.86 2.06 4.71 32.48 2.76 37.77 -3.15 2
Car 0 0 -10 229.61 681.8 472.29 755.8 1.5 2.07 4.69 22.82 2.75 41.3 -3.14 2
Car 0 0 -10 0.0 412.04 1384.79 886.0 1.51 2.05 4.85 -5.17 2.02 -1.71 -1.56 3
Car 0 0 -10 375.35 691.94 527.89 807.07 1.48 1.97 4.54 -27.59 2.0 16.33 0.49 1
Car 0 0 -10 651.19 369.53 1141.13 579.21 1.59 3.07 5.35 22.53 3.45 0.74 -0.56 4
Car 0 0 -10 1638.6 662.09 1920.0 824.75 2.14 2.45 5.87 12.89 2.39 28.48 0.0 0
Car 0 0 -10 711.97 323.91 1458.09 582.46 1.52 2.11 4.83 -14.58 1.92 0.66 -1.59 3
Car 0 0 -10 1809.41 690.21 1918.62 745.47 1.65 2.03 3.87 66.77 3.29 25.28 -0.0 2
Car 0 0 -10 355.84 676.71 511.05 741.84 1.58 2.01 4.47 -49.52 2.05 28.95 -0.0 1
Car 0 0 -10 1844.8 717.81 1920.0 849.92 1.5 2.07 4.8 13.85 2.43 25.12 -0.01 0
Car 0 0 -10 23.6 669.66 151.3 725.6 1.55 2.07 4.77 -63.5 1.94 25.22 0.0 1
Car 0 0 -10 579.58 351.99 811.34 437.3 1.61 2.04 4.71 44.66 4.72 5.58 -1.56 4
Car 0 0 -10 309.37 667.46 567.55 761.3 1.81 2.17 4.73 22.85 2.68 37.72 -3.13 2
Car 0 0 -10 0 0 0 0 2.0 2.19 5.07 -21.68 1.71 -54.19 -4.69 0
Car 0 0 -10 1043.62 680.29 1206.96 736.04 1.64 2.31 5.19 49.74 3.16 41.74 -3.15 2
Car 0 0 -10 923.85 682.74 1103.85 738.25 1.39 2.11 4.82 40.54 2.79 37.92 -3.14 2
