Pedestrian 0 0 -10 1873.33 254.77 1920.0 398.79 2.2 0.82 0.75 31.55 2.61 -14.52 0.14 4
Car 0 0 -10 0 0 0 0 1.35 1.9 4.5 -15.84 3.47 -37.16 0.91 0
Car 0 0 -10 673.26 185.72 759.34 236.25 1.41 1.8 4.34 -60.74 1.1 -6.71 -3.09 3
Pedestrian 0 0 -10 1793.73 259.96 1844.68 387.33 2.2 0.61 0.59 35.79 2.73 -14.9 -3.35 4
Car 0 0 -10 1713.56 279.88 1920.0 408.61 1.47 1.95 4.64 27.28 2.19 -11.69 -3.14 4
Pedestrian 0 0 -10 0 0 0 0 1.79 1.0 1.0 -19.01 2.7 -12.44 -0.94 0
Car 0 0 -10 236.85 620.77 488.31 695.82 1.59 2.22 4.86 -12.59 1.17 45.01 0.05 0
Car 0 0 -10 752.36 170.8 816.46 215.53 1.53 1.8 3.51 -73.48 0.62 -5.67 -3.09 3
Car 0 0 -10 1384.54 260.06 1497.74 329.21 1.61 1.82 4.23 51.58 2.24 -11.96 -3.15 4
Car 0 0 -10 1300.68 239.93 1386.34 307.7 2.06 1.9 4.23 64.97 2.14 -12.06 -3.15 4
Pedestrian 0 0 -10 1143.87 728.92 1295.26 889.9 1.28 0.87 1.06 -11.06 2.2 14.48 1.56 1
Pedestrian 0 0 -10 312.73 608.03 358.28 698.3 1.8 0.77 0.6 -12.15 1.15 41.32 1.48 0
Car 0 0 -10 480.31 603.15 694.71 767.46 1.91 2.09 4.35 -4.36 1.44 26.12 1.54 0
Pedestrian 0 0 -10 1114.1 666.61 1203.57 838.17 1.61 0.63 0.62 -12.7 2.0 15.67 -1.6 1
Pedestrian 0 0 -10 208.97 620.2 261.47 729.65 1.69 0.63 0.67 -11.01 1.38 32.07 -1.67 0
Pedestrian 0 0 -10 161.06 622.82 211.76 726.72 1.67 0.57 0.53 -12.28 1.39 33.4 -4.37 0
Car 0 0 -10 0 0 0 0 1.88 2.5 5.77 -17.18 3.14 -24.15 -1.56 0
Pedestrian 0 0 -10 150.83 625.3 193.33 728.42 1.64 0.49 0.42 -12.33 1.4 32.89 -1.4 0
Pedestrian 0 0 -10 219.07 608.7 264.6 704.4 1.73 0.75 0.54 -12.74 1.15 37.46 0.05 0
Pedestrian 0 0 -10 1153.27 655.63 1247.89 831.44 1.7 0.65 0.71 -12.77 1.98 16.43 -4.68 1
Car 0 0 -10 0 0 0 0 1.92 2.0 4.52 -0.37 2.98 -33.71 -1.56 0
Car 0 0 -10 915.83 228.31 1067.39 357.17 1.71 2.1 5.0 -31.22 2.2 0.62 -3.11 3
Car 0 0 -10 0 0 0 0 1.44 2.05 4.33 -3.41 2.73 -22.69 -1.55 0
Pedestrian 0 0 -10 0 0 0 0 1.59 0.7 0.71 7.43 2.86 -30.95 -3.09 0
Car 0 0 -10 631.52 180.49 682.09 215.98 1.22 1.23 2.74 -73.41 0.66 -10.2 -3.08 3
Car 0 0 -10 281.51 215.85 439.12 306.75 1.6 1.87 3.76 -39.33 2.0 -11.16 -3.13 3
Pedestrian 0 0 -10 1133.95 666.93 1238.76 897.38 1.81 0.75 0.81 -10.55 2.14 13.37 -2.09 1
Pedestrian 0 0 -10 369.39 632.11 459.65 701.21 1.31 1.12 1.4 -10.31 1.15 40.32 -0.63 0
Car 0 0 -10 435.22 636.05 630.09 746.61 1.51 2.07 4.89 -6.13 1.47 31.57 1.55 0
Car 0 0 -10 1333.27 252.57 1436.56 316.01 1.68 1.95 4.33 57.9 2.14 -11.88 -3.16 4
Pedestrian 0 0 -10 0 0 0 0 1.78 0.71 0.82 -11.34 2.94 -20.02 0.03 0
Pedestrian 0 0 -10 300.93 610.84 350.01 710.11 1.73 0.76 0.64 -10.82 1.21 36.19 -0.02 0
Car 0 0 -10 0 0 0 0 1.5 2.12 4.52 -3.51 3.29 -39.25 -1.58 0
Pedestrian 0 0 -10 0.0 634.36 2.39 778.49 1.75 0.98 0.93 -12.41 1.68 25.39 -4.02 0
Pedestrian 0 0 -10 1190.62 583.34 1216.35 641.18 1.69 0.66 0.74 7.77 -0.01 60.58 1.57 0
Pedestrian 0 0 -10 0 0 0 0 1.69 0.7 0.88 -21.66 2.55 -14.65 -0.11 0
Pedestrian 0 0 -10 523.68 612.05 558.56 664.55 1.52 0.79 0.79 -11.62 0.68 59.97 -4.6 0
Car 0 0 -10 914.1 191.15 1033.33 295.87 1.9 2.19 4.52 -40.32 1.79 0.44 -3.14 3
Pedestrian 0 0 -10 124.13 627.59 183.66 733.92 1.64 0.69 0.69 -12.29 1.44 32.02 -1.6 0
Pedestrian 0 0 -10 0 0 0 0 1.94 0.77 1.11 6.26 2.13 -6.38 1.55 0
Car 0 0 -10 0.0 652.48 539.3 1205.82 1.89 2.19 4.88 -3.5 2.0 9.7 -4.7 0
Car 0 0 -10 938.43 255.12 1062.13 350.44 1.7 2.21 4.73 40.18 1.96 -0.69 -0.02 4
Car 0 0 -10 653.42 608.41 720.8 654.99 1.49 1.79 4.1 -8.32 0.42 68.05 1.55 0
Car 0 0 -10 1486.97 250.75 1671.6 349.54 1.78 2.19 4.89 40.3 2.13 -11.94 -3.14 4
Car 0 0 -10 1426.73 261.55 1569.65 334.71 1.51 2.05 4.52 46.33 2.13 -11.98 -3.14 4
Pedestrian 0 0 -10 226.67 622.13 281.91 756.9 1.96 0.65 0.52 -10.06 1.69 30.11 -1.64 0
Pedestrian 0 0 -10 1139.77 223.37 1229.64 375.53 1.8 0.89 0.62 -25.17 2.1 2.8 -0.53 3
Car 0 0 -10 515.26 190.01 615.5 242.41 1.41 1.88 4.27 -58.73 1.25 -10.76 -3.1 3
Car 0 0 -10 1270.0 251.26 1354.93 296.01 1.46 2.05 4.51 71.1 1.93 -12.15 -3.17 4
Pedestrian 0 0 -10 1103.18 580.3 1129.49 633.48 1.83 0.76 0.92 6.13 -0.28 71.34 1.48 0
Car 0 0 -10 0 0 0 0 1.98 2.43 4.73 -25.95 2.61 -18.0 -0.01 0
Car 0 0 -10 1579.08 276.42 1792.4 376.93 1.47 1.96 4.78 34.4 2.26 -11.93 -3.13 4
Car 0 0 -10 0 0 0 0 1.71 1.99 4.5 15.0 2.32 -11.57 -3.13 0
Car 0 0 -10 167.66 226.03 379.3 333.89 1.58 2.01 4.38 -33.85 2.11 -11.02 -3.14 3
Pedestrian 0 0 -10 866.66 237.86 899.56 311.39 2.01 0.86 0.67 56.68 1.82 2.09 0.02 4
Car 0 0 -10 859.87 239.97 1092.01 456.6 1.99 2.25 4.81 -22.4 2.49 0.23 -3.11 3
Pedestrian 0 0 -10 760.95 246.42 804.58 326.36 1.7 0.9 0.84 44.45 1.7 3.8 -1.56 4
Pedestrian 0 0 -10 1160.36 311.53 1511.98 856.8 1.82 0.83 1.07 7.48 2.1 -1.19 -1.57 4
Car 0 0 -10 0 0 0 0 1.65 2.15 4.75 -0.1 2.52 -20.67 -1.54 0
Pedestrian 0 0 -10 1039.01 660.66 1168.03 879.82 1.81 0.84 0.8 -11.66 2.11 13.6 -0.16 1
Pedestrian 0 0 -10 1220.09 213.6 1327.07 369.1 1.83 1.04 0.78 -25.12 2.01 3.88 0.63 3
Pedestrian 0 0 -10 150.75 207.93 217.23 325.82 1.92 0.97 0.93 -34.62 2.14 -12.87 -3.44 3
Car 0 0 -10 355.04 642.87 691.87 874.15 1.64 1.89 4.41 -3.34 1.7 17.38 -4.7 0
Pedestrian 0 0 -10 1755.96 250.63 1812.96 380.29 2.2 0.74 0.62 35.13 2.55 -14.01 -0.01 4
Pedestrian 0 0 -10 0 0 0 0 1.41 0.89 0.98 7.25 2.45 -18.28 -3.14 0
Pedestrian 0 0 -10 1307.65 222.97 1383.59 378.98 1.78 0.8 0.68 -24.25 2.06 4.59 1.48 3
Car 0 0 -10 0 0 0 0 1.92 2.27 4.64 -0.16 2.67 -45.55 -1.64 0
Car 0 0 -10 0 0 0 0 1.46 2.01 4.31 -19.45 2.66 -18.05 -1.52 0
Pedestrian 0 0 -10 331.8 224.72 376.27 337.39 1.78 0.56 0.74 -33.5 2.26 -9.7 -3.27 3
Car 0 0 -10 387.31 201.95 531.12 273.32 1.52 2.09 4.06 -46.85 1.67 -11.01 -3.09 3
Pedestrian 0 0 -10 59.15 622.87 122.64 744.71 1.78 0.77 0.61 -12.58 1.52 30.28 0.05 0
Car 0 0 -10 0 0 0 0 1.56 2.05 4.26 -22.02 2.58 -17.87 -1.54 0
Car 0 0 -10 0 0 0 0 1.98 2.2 4.73 -16.97 2.78 -18.15 -1.51 0
Car 0 0 -10 466.71 191.99 576.96 266.25 1.78 1.8 4.01 -52.29 1.69 -10.7 -3.11 3
Car 0 0 -10 673.44 594.14 735.19 644.47 1.74 2.04 4.39 -8.36 0.09 73.37 1.48 0
Car 0 0 -10 569.71 175.81 657.81 228.7 1.63 1.89 4.18 -66.8 1.0 -10.66 -3.07 3
Pedestrian 0 0 -10 0 0 0 0 1.8 0.76 0.92 -21.44 2.57 -15.3 -0.06 0
Cyclist 0 0 -10 0 0 0 0 1.79 0.86 1.84 -9.42 2.86 -16.39 1.55 0
Pedestrian 0 0 -10 0 0 0 0 1.94 0.91 1.24 -18.17 2.73 -12.8 -0.84 0
Car 0 0 -10 1899.46 253.77 1920.0 469.76 1.92 2.12 4.94 20.66 2.23 -11.49 -3.12 4
Car 0 0 -10 702.8 168.51 777.55 220.01 1.62 1.75 4.0 -67.94 0.72 -6.7 -3.07 3
Car 0 0 -10 0 0 0 0 1.5 1.94 4.49 -17.03 3.41 -29.67 -1.53 0
Pedestrian 0 0 -10 1507.17 595.74 1591.58 737.81 1.83 0.87 0.75 -13.46 1.36 24.84 0.01 1
Pedestrian 0 0 -10 333.01 621.99 382.24 716.37 1.63 0.69 0.8 -10.19 1.31 35.99 -1.67 0
