Pedestrian 0 0 -10 930.41 589.22 980.16 683.81 2.02 0.74 0.85 0.34 0.9 44.46 -2.09 0
Car 0 0 -10 854.6 691.64 1182.0 847.89 2.02 2.13 4.74 -21.39 3.09 23.07 -0.03 1
Pedestrian 0 0 -10 0 0 0 0 1.83 0.69 0.76 -15.55 3.79 -39.56 -2.95 0
Pedestrian 0 0 -10 1697.89 647.55 1898.03 1019.21 1.66 0.66 0.58 4.01 1.7 9.57 -1.88 0
Car 0 0 -10 0 0 0 0 1.59 2.22 4.86 -14.67 3.8 -37.11 0.0 0
Pedestrian 0 0 -10 1130.05 627.94 1208.49 787.07 1.89 0.81 0.77 2.78 1.73 24.95 1.48 0
Car 0 0 -10 0.0 812.04 82.26 1280.0 1.66 1.98 4.45 -10.69 2.78 2.09 1.0 1
Pedestrian 0 0 -10 1154.94 221.0 1538.36 886.0 1.75 0.67 0.61 4.64 1.71 -0.92 -0.17 4
Car 0 0 -10 0 0 0 0 1.65 2.22 4.86 -20.65 4.02 -37.64 -0.06 0
Pedestrian 0 0 -10 0 0 0 0 1.28 0.87 1.06 -11.82 3.93 -67.57 1.51 0
Pedestrian 0 0 -10 1010.65 586.22 1060.29 672.79 1.92 1.0 1.0 2.15 0.7 46.2 -1.65 0
Pedestrian 0 0 -10 0 0 0 0 1.8 0.77 0.6 -12.85 3.79 -48.73 1.39 0
Pedestrian 0 0 -10 0 0 0 0 1.61 0.63 0.62 -13.38 4.19 -66.43 -1.65 0
Pedestrian 0 0 -10 1001.59 158.65 1334.72 882.34 1.75 0.75 0.59 5.45 1.55 -0.65 0.32 4
Pedestrian 0 0 -10 1060.13 628.39 1136.76 786.77 1.83 0.75 0.65 1.87 1.68 24.25 1.36 0
Pedestrian 0 0 -10 0 0 0 0 1.69 0.63 0.67 -11.85 3.87 -49.82 -2.32 0
Pedestrian 0 0 -10 0 0 0 0 1.67 0.57 0.53 -13.75 3.93 -48.61 -4.42 0
Pedestrian 0 0 -10 0.0 729.69 74.34 944.96 1.81 0.84 0.77 -18.83 2.84 7.14 0.11 1
Car 0 0 -10 306.34 656.19 423.96 727.17 1.43 1.65 3.7 -12.7 1.81 45.71 1.54 0
Pedestrian 0 0 -10 0 0 0 0 1.73 0.75 0.54 -14.31 3.69 -44.61 0.0 0
Car 0 0 -10 63.73 666.32 280.16 798.26 1.93 2.08 4.31 -12.55 2.4 33.88 1.54 0
Pedestrian 0 0 -10 0 0 0 0 1.7 0.65 0.71 -13.49 4.19 -65.68 1.56 0
Pedestrian 0 0 -10 230.2 613.07 663.77 1280.0 1.86 0.83 0.7 2.89 1.77 4.62 -4.7 2
Car 0 0 -10 0 0 0 0 1.92 2.0 4.52 -2.02 2.88 -29.31 -1.62 0
Car 0 0 -10 290.89 682.94 581.88 818.31 1.71 2.07 4.78 -27.36 2.72 16.65 0.01 1
Car 0 0 -10 664.09 699.01 928.17 810.44 1.59 1.98 4.48 -26.62 2.95 23.18 -0.02 1
Pedestrian 0 0 -10 329.31 623.65 598.26 1170.12 1.7 0.62 0.68 3.77 1.62 5.97 -4.67 2
Pedestrian 0 0 -10 0 0 0 0 1.81 0.75 0.81 -10.91 4.23 -68.76 1.54 0
Pedestrian 0 0 -10 0 0 0 0 1.31 1.12 1.4 -12.16 3.69 -41.69 -0.68 0
Pedestrian 0 0 -10 924.32 575.84 948.78 629.66 1.86 0.73 0.73 -0.11 -0.4 71.64 1.39 0
Pedestrian 0 0 -10 900.7 568.13 927.96 622.13 1.86 0.87 0.79 -0.88 -0.66 71.45 1.47 0
Pedestrian 0 0 -10 1806.61 575.97 1920.0 1222.78 1.87 0.77 0.66 3.15 1.68 6.16 -4.65 0
Pedestrian 0 0 -10 0 0 0 0 1.73 0.76 0.64 -13.03 3.7 -45.85 -3.73 0
Pedestrian 0 0 -10 0 0 0 0 1.75 0.98 0.93 -13.56 4.02 -56.7 -4.07 0
Car 0 0 -10 367.92 645.87 473.68 701.89 1.29 1.66 4.11 -13.02 1.44 51.87 1.55 0
Pedestrian 0 0 -10 0 0 0 0 1.52 0.79 0.79 -14.82 3.74 -31.44 -4.26 0
Pedestrian 0 0 -10 0 0 0 0 1.64 0.69 0.69 -13.65 3.95 -49.89 -1.65 0
Car 0 0 -10 419.65 632.47 511.66 683.73 1.36 1.72 3.83 -13.36 1.14 58.2 1.56 0
Pedestrian 0 0 -10 613.97 630.01 1014.84 1280.0 1.7 0.7 0.89 3.89 1.66 4.34 1.55 2
Car 0 0 -10 206.06 661.78 359.49 756.26 1.63 1.7 4.17 -12.63 2.08 39.8 1.55 0
Car 0 0 -10 0 0 0 0 1.49 1.79 4.1 -11.39 3.13 -13.67 1.5 0
Pedestrian 0 0 -10 0 0 0 0 1.96 0.65 0.52 -13.15 3.93 -49.29 -3.77 0
Car 0 0 -10 283.17 671.24 516.73 768.84 1.77 2.36 5.0 -38.47 2.89 22.65 -0.05 1
Pedestrian 0 0 -10 103.65 769.01 249.48 1036.34 1.75 0.67 0.8 -14.16 2.85 6.51 -0.03 1
Pedestrian 0 0 -10 1257.16 624.88 1327.94 776.98 1.85 0.72 0.65 4.36 1.65 25.46 1.48 0
Pedestrian 0 0 -10 0 0 0 0 1.83 0.76 0.92 4.59 2.55 -34.77 1.46 0
Car 0 0 -10 40.07 660.74 210.29 735.49 1.66 2.12 4.93 -50.69 2.78 22.13 -0.03 1
Pedestrian 0 0 -10 0 0 0 0 1.57 0.51 0.48 -16.27 3.69 -38.73 0.5 0
Pedestrian 0 0 -10 992.34 581.73 1039.84 669.33 1.86 0.74 0.74 1.64 0.59 44.16 -2.09 0
Car 0 0 -10 0.0 863.46 1601.54 1280.0 1.49 2.11 4.53 -3.27 2.21 1.98 -1.61 1
Car 0 0 -10 763.4 697.46 1142.44 924.0 1.78 2.22 4.85 -14.85 2.62 14.8 0.42 1
Pedestrian 0 0 -10 1592.84 650.97 1787.0 1015.56 1.69 0.66 0.65 3.63 1.74 9.96 1.43 0
Pedestrian 0 0 -10 355.86 754.7 604.02 1098.53 1.8 1.0 1.03 -10.53 2.63 6.67 -0.02 1
Car 0 0 -10 0 0 0 0 1.65 2.15 4.75 -1.89 2.41 -15.67 -1.62 0
Car 0 0 -10 454.44 672.33 707.5 785.4 1.87 2.22 4.77 -32.47 2.88 22.94 -0.05 1
Car 0 0 -10 168.44 665.27 349.72 749.44 1.71 2.11 4.38 -44.34 2.81 22.51 -0.03 1
Pedestrian 0 0 -10 0 0 0 0 1.81 0.84 0.8 -11.91 4.14 -68.98 -1.57 0
Car 0 0 -10 276.31 539.45 619.04 716.55 2.2 2.05 4.0 14.91 0.8 24.3 -0.03 2
Car 0 0 -10 0.0 643.52 97.15 731.87 2.2 2.5 5.0 -56.98 2.95 21.83 0.0 1
Car 0 0 -10 1437.04 576.04 1920.0 833.09 1.83 2.13 4.7 6.58 1.33 16.62 -0.46 0
Pedestrian 0 0 -10 1600.1 677.52 1658.32 785.93 1.72 0.67 0.83 -15.8 2.47 31.88 1.46 1
Pedestrian 0 0 -10 224.67 772.59 366.89 1030.64 1.71 0.63 0.83 -13.78 2.84 7.23 -0.05 1
Car 0 0 -10 0 0 0 0 1.92 2.27 4.64 2.77 3.45 -72.79 -1.54 0
Pedestrian 0 0 -10 0 0 0 0 1.78 0.77 0.61 -13.66 3.95 -51.88 0.0 0
Car 0 0 -10 0 0 0 0 1.74 2.04 4.39 -11.65 3.06 -8.35 1.47 0
Pedestrian 0 0 -10 0.0 684.33 11.45 805.89 1.88 0.63 0.71 -15.12 2.57 32.27 1.47 0
Pedestrian 0 0 -10 30.86 730.86 139.9 938.05 1.8 0.81 0.93 -19.14 2.88 7.93 0.25 1
Pedestrian 0 0 -10 1084.14 682.9 1173.21 804.66 1.85 1.0 1.0 -21.07 2.75 25.4 0.02 1
Pedestrian 0 0 -10 1086.1 617.74 1165.91 745.33 1.78 0.77 1.07 2.66 1.45 29.38 1.25 0
Car 0 0 -10 0.0 402.07 935.63 772.62 1.68 1.99 4.83 -11.77 2.96 -2.56 1.52 3
Pedestrian 0 0 -10 0 0 0 0 1.63 0.69 0.8 -9.07 3.56 -46.27 -0.04 0
