Car 0 0 -10 0 0 0 0 1.56 1.98 4.8 -2.98 1.25 -73.04 -1.57 0
Car 0 0 -10 156.28 594.28 455.11 803.98 4.05 3.04 11.72 -14.21 2.96 46.62 1.57 0
Car 0 0 -10 656.92 675.13 786.83 785.97 1.9 1.87 4.03 -4.35 2.31 38.27 -1.56 0
Car 0 0 -10 1344.25 685.59 1602.91 777.88 1.81 2.22 4.94 -23.43 3.03 37.43 -3.81 1
Car 0 0 -10 0 0 0 0 1.93 1.91 4.32 -13.53 2.28 -24.03 -4.7 0
Car 0 0 -10 0 0 0 0 1.57 2.12 4.82 -3.24 1.73 -36.61 -1.57 0
Car 0 0 -10 646.04 678.86 877.77 865.81 1.98 2.44 5.49 -2.28 2.31 25.3 -1.6 0
Car 0 0 -10 1325.46 250.67 1746.65 460.4 2.12 2.55 5.84 -25.66 2.7 6.62 0.73 3
Car 0 0 -10 627.11 697.25 775.36 763.65 2.05 2.19 5.64 -57.52 4.14 43.72 -3.1 1
Car 0 0 -10 972.36 706.19 1154.16 806.84 1.49 2.07 4.87 -25.03 2.86 26.96 1.08 1
Car 0 0 -10 0 0 0 0 1.47 2.16 4.97 -3.58 1.98 -11.0 -1.56 0
Car 0 0 -10 0.0 792.61 483.51 1280.0 1.46 1.96 4.64 -3.65 2.22 9.54 -1.57 0
Car 0 0 -10 0.0 743.08 157.49 913.85 1.47 1.94 4.55 -10.43 2.51 22.5 1.57 0
Car 0 0 -10 789.68 680.87 862.56 739.78 1.72 2.0 4.24 -4.18 2.59 64.25 -1.58 0
