Car 0 0 -10 0 0 0 0 1.49 1.86 4.31 8.1 2.7 -32.19 -1.55 0
Car 0 0 -10 1316.61 664.74 1476.94 749.53 1.49 2.13 4.91 9.18 2.03 41.74 -1.58 0
Pedestrian 0 0 -10 503.72 651.86 545.21 742.1 1.44 0.62 0.79 -6.77 1.62 33.58 1.42 0
Car 0 0 -10 1374.34 665.32 1549.4 780.95 1.77 1.94 4.52 9.01 2.25 35.87 -1.57 0
Pedestrian 0 0 -10 539.01 721.25 575.61 745.29 0.31 0.4 0.61 -5.51 1.48 29.67 -4.69 0
Pedestrian 0 0 -10 596.51 664.01 641.63 755.17 1.41 0.62 0.71 -5.09 1.78 32.65 1.29 0
Pedestrian 0 0 -10 1472.8 638.08 1519.97 712.74 1.74 0.85 0.77 13.22 1.67 48.85 -4.04 0
Pedestrian 0 0 -10 1037.4 725.73 1205.37 971.56 1.72 0.77 1.0 11.97 2.37 10.08 -1.7 2
Pedestrian 0 0 -10 459.93 631.38 518.65 746.25 1.74 0.67 0.56 -6.94 1.59 31.73 0.66 0
Car 0 0 -10 0 0 0 0 3.22 3.52 9.15 0.41 1.65 -40.82 -1.58 0
Car 0 0 -10 761.73 623.4 879.53 714.82 1.82 2.16 4.28 -2.46 1.46 43.69 -1.56 0
Pedestrian 0 0 -10 947.09 732.38 1043.68 996.51 1.69 0.62 0.71 10.08 2.3 9.59 -0.81 2
Pedestrian 0 0 -10 0 0 0 0 1.84 0.73 0.69 10.4 2.91 -30.7 -4.62 0
Pedestrian 0 0 -10 489.95 646.41 558.65 756.11 1.6 0.86 0.82 -6.17 1.68 30.65 1.55 0
Car 0 0 -10 0 0 0 0 1.38 1.78 3.97 8.24 2.91 -45.44 -1.55 0
Pedestrian 0 0 -10 0 0 0 0 1.79 0.6 0.65 10.57 2.73 -31.21 -2.63 0
Pedestrian 0 0 -10 1903.49 712.56 1920.0 856.29 1.57 0.75 1.61 12.16 2.45 24.06 1.55 0
Pedestrian 0 0 -10 540.25 649.59 582.62 733.32 1.4 0.62 0.76 -6.44 1.55 35.1 1.5 0
Car 0 0 -10 0 0 0 0 1.63 2.1 4.25 -0.22 2.04 -24.59 -1.56 0
Car 0 0 -10 0 0 0 0 1.47 2.14 4.48 6.07 2.4 -10.84 -1.55 0
Car 0 0 -10 1915.89 705.79 1920.0 762.72 1.42 2.06 4.03 63.01 3.56 20.69 -3.1 2
Pedestrian 0 0 -10 623.36 630.76 675.26 737.44 1.79 0.79 0.9 -4.94 1.61 35.11 1.51 0
Car 0 0 -10 0 0 0 0 2.91 2.52 7.03 -2.69 2.64 -55.87 -4.71 0
Pedestrian 0 0 -10 563.9 653.1 614.02 739.26 1.43 0.79 0.77 -5.94 1.64 34.94 1.45 0
Car 0 0 -10 1208.48 636.06 1289.64 686.01 1.43 1.82 3.58 9.38 1.3 62.57 -1.61 0
Pedestrian 0 0 -10 567.37 661.49 611.96 744.25 1.34 0.6 0.62 -5.76 1.68 33.91 -4.68 0
Car 0 0 -10 0 0 0 0 1.38 1.78 3.97 8.09 2.81 -39.45 -1.55 0
Car 0 0 -10 0 0 0 0 1.77 2.03 4.7 3.26 2.32 -19.57 -1.59 0
Pedestrian 0 0 -10 668.93 640.55 729.68 733.46 1.64 1.0 1.0 -4.36 1.64 37.3 -1.78 0
Pedestrian 0 0 -10 0 0 0 0 1.58 0.64 0.62 -6.02 2.12 -51.2 -0.42 0
Pedestrian 0 0 -10 823.89 596.0 1039.45 957.28 1.88 0.82 1.06 -8.01 1.72 7.9 -3.79 1
Pedestrian 0 0 -10 1666.77 657.81 1710.35 755.33 1.71 0.7 0.48 13.4 2.01 36.72 -3.25 0
Pedestrian 0 0 -10 1874.53 684.28 1920.0 837.17 1.86 0.84 1.05 12.43 2.41 25.57 0.05 0
Pedestrian 0 0 -10 1589.93 689.84 1636.7 761.72 1.73 0.84 0.8 47.96 3.02 24.59 -0.01 2
Pedestrian 0 0 -10 1462.5 650.19 1510.37 745.99 1.84 0.72 0.65 10.68 2.02 40.19 1.46 0
Car 0 0 -10 1173.05 619.65 1255.21 677.27 1.85 1.97 4.51 9.17 1.14 69.01 -1.62 0
Car 0 0 -10 0 0 0 0 1.64 2.39 5.16 0.27 1.95 -13.98 -1.63 0
Pedestrian 0 0 -10 616.92 622.93 657.66 701.6 1.68 0.76 0.66 -6.52 1.29 44.4 -4.69 0
Pedestrian 0 0 -10 1533.9 693.67 1585.19 762.45 1.13 0.71 0.74 10.56 2.04 35.04 -3.01 0
Pedestrian 0 0 -10 531.32 654.74 582.92 750.81 1.45 0.65 0.85 -5.91 1.67 31.82 1.53 0
Car 0 0 -10 887.33 882.84 1920.0 1280.0 1.48 1.98 4.79 3.71 2.13 0.4 -1.58 2
Car 0 0 -10 1464.96 752.65 1920.0 1280.0 1.76 2.03 4.65 6.23 2.2 0.77 -1.55 2
Pedestrian 0 0 -10 0 0 0 0 1.72 0.81 0.82 -6.36 2.15 -32.88 -1.58 0
Pedestrian 0 0 -10 533.94 642.72 597.53 758.61 1.67 0.76 0.89 -5.51 1.7 30.37 -4.71 0
Pedestrian 0 0 -10 0 0 0 0 1.78 0.73 0.93 -7.35 2.01 -31.26 -1.23 0
Pedestrian 0 0 -10 0 0 0 0 1.84 0.7 0.91 -6.98 1.88 -10.65 -4.69 0
Car 0 0 -10 244.41 298.24 490.56 435.67 1.92 2.39 5.76 34.35 2.76 9.55 -3.14 4
Car 0 0 -10 0 0 0 0 3.02 2.67 6.27 0.15 2.12 -6.73 -1.57 0
Car 0 0 -10 0 0 0 0 1.89 2.16 5.42 3.58 2.18 -5.47 -1.59 0
Car 0 0 -10 726.2 465.63 1390.34 737.43 3.16 3.16 9.72 -19.37 1.26 21.17 -3.1 1
Pedestrian 0 0 -10 623.3 662.25 662.96 750.44 1.38 0.61 0.67 -4.74 1.72 32.92 1.43 0
Pedestrian 0 0 -10 0 0 0 0 1.76 1.02 0.9 -6.06 1.96 -20.34 -1.47 0
Car 0 0 -10 1614.15 685.53 1749.34 783.86 2.04 1.56 3.16 44.67 3.17 21.2 -3.07 2
Pedestrian 0 0 -10 0 0 0 0 1.76 0.67 0.89 -6.54 1.84 -10.75 -4.68 0
Pedestrian 0 0 -10 480.72 669.29 588.78 841.8 1.64 0.89 0.97 -4.0 1.93 20.41 1.54 0
Car 0 0 -10 849.28 616.34 913.65 657.25 1.45 2.04 4.53 -2.11 0.55 75.81 -1.53 0
Car 0 0 -10 715.74 636.87 869.67 748.5 1.83 2.34 4.91 -2.57 1.79 37.33 -1.56 0
Pedestrian 0 0 -10 0 0 0 0 2.01 0.72 0.7 12.08 3.42 -70.9 -3.04 0
Car 0 0 -10 1248.66 632.79 1399.86 723.25 1.97 2.49 5.69 9.07 1.8 49.05 -1.59 0
Car 0 0 -10 0 0 0 0 1.6 2.31 4.8 3.46 2.89 -63.21 -1.55 0
Pedestrian 0 0 -10 1644.07 679.94 1703.81 790.79 1.62 0.85 1.01 11.2 2.23 31.31 -1.21 0
Car 0 0 -10 0 0 0 0 2.03 2.56 5.7 -3.01 2.29 -22.87 -1.58 0
Car 0 0 -10 1230.6 643.04 1324.14 703.69 1.51 1.97 4.51 9.11 1.6 55.81 -1.54 0
Car 0 0 -10 0 0 0 0 1.8 2.5 5.0 4.86 2.98 -41.61 -1.57 0
Pedestrian 0 0 -10 501.04 680.58 549.28 769.36 1.28 0.58 0.51 -6.08 1.86 30.23 -4.69 0
Pedestrian 0 0 -10 584.35 667.64 633.14 757.5 1.35 0.64 0.68 -5.08 1.76 31.62 1.55 0
Pedestrian 0 0 -10 0.0 579.95 299.57 1280.0 1.89 0.97 0.95 -5.84 1.8 2.24 -1.64 1
Pedestrian 0 0 -10 519.03 663.12 563.95 742.62 1.26 0.61 0.61 -6.43 1.62 33.25 1.55 0
Car 0 0 -10 0 0 0 0 1.52 2.05 4.38 8.23 2.74 -26.16 -1.55 0
Pedestrian 0 0 -10 668.66 646.32 725.85 751.29 1.69 0.82 1.01 -3.99 1.79 33.99 -1.58 0
Car 0 0 -10 661.78 644.55 852.31 779.28 1.82 2.29 4.7 -2.67 1.91 31.29 -1.54 0
Car 0 0 -10 1304.72 711.73 1642.9 859.45 1.51 2.18 4.59 23.61 2.54 13.93 -3.15 2
Car 0 0 -10 0 0 0 0 1.56 2.09 4.83 3.09 2.23 -12.91 -1.62 0
Car 0 0 -10 0.0 496.46 460.96 832.1 3.1 3.07 7.81 -9.1 1.76 20.69 -3.11 0
