Car 0 0 -10 848.06 655.18 914.38 718.82 1.36 1.39 2.92 -1.32 1.72 47.43 -1.56 0
Car 0 0 -10 0 0 0 0 1.49 2.13 4.91 8.89 2.68 -14.26 -1.58 0
Pedestrian 0 0 -10 0 0 0 0 1.44 0.62 0.79 -6.34 2.02 -32.72 1.51 0
Car 0 0 -10 0 0 0 0 1.77 1.94 4.52 8.69 2.74 -20.05 -1.56 0
Pedestrian 0 0 -10 0 0 0 0 1.41 0.62 0.71 -5.79 2.09 -36.08 -4.61 0
Pedestrian 0 0 -10 0 0 0 0 1.74 0.85 0.77 12.91 2.54 -7.38 -3.94 0
Car 0 0 -10 678.83 637.35 868.64 801.44 1.91 1.98 4.4 -2.06 1.89 26.8 -1.54 0
Pedestrian 0 0 -10 0 0 0 0 1.72 0.77 1.0 11.35 2.71 -30.59 -2.07 0
Pedestrian 0 0 -10 0 0 0 0 1.74 0.67 0.56 -7.27 2.0 -24.21 0.66 0
Car 0 0 -10 1803.29 663.23 1920.0 768.77 1.7 2.04 4.38 17.49 2.14 37.17 -1.52 0
Car 0 0 -10 0 0 0 0 1.82 2.16 4.28 -2.83 2.21 -12.25 -1.55 0
Pedestrian 0 0 -10 0 0 0 0 1.69 0.62 0.71 9.69 2.36 -46.44 -0.8 0
Pedestrian 0 0 -10 0 0 0 0 1.6 0.86 0.82 -7.03 1.99 -36.2 -4.42 0
Car 0 0 -10 265.35 672.65 363.51 743.7 1.4 1.48 3.2 21.95 1.91 41.53 -1.27 2
Car 0 0 -10 826.92 634.34 900.72 725.44 1.85 1.47 3.1 -1.6 1.72 44.12 -1.58 0
Car 0 0 -10 1544.18 635.34 1665.6 724.28 1.98 2.28 5.24 16.26 1.86 50.1 -1.15 0
Pedestrian 0 0 -10 0 0 0 0 1.57 0.75 1.61 11.42 2.62 -36.17 1.52 0
Pedestrian 0 0 -10 726.96 628.13 764.66 721.1 1.98 0.63 0.72 -4.17 1.7 44.3 -4.53 0
Pedestrian 0 0 -10 0 0 0 0 1.74 0.96 0.85 22.84 2.44 -48.9 -3.08 0
Pedestrian 0 0 -10 0 0 0 0 1.4 0.62 0.76 -5.88 1.99 -32.83 1.53 0
Car 0 0 -10 0 0 0 0 1.63 2.1 4.25 -0.8 1.84 -54.76 -1.59 0
Car 0 0 -10 1812.63 638.6 1920.0 727.14 1.96 2.29 4.99 23.17 1.91 49.22 -1.56 0
Car 0 0 -10 0 0 0 0 1.48 1.84 3.87 2.77 2.04 -42.53 -1.57 0
Car 0 0 -10 977.27 483.21 1920.0 886.0 1.47 2.14 4.48 6.03 2.36 -2.21 -1.56 4
Car 0 0 -10 0.0 211.8 41.71 425.85 1.47 2.02 4.35 -16.33 1.61 -9.57 -0.94 3
Car 0 0 -10 231.32 567.55 825.68 805.11 1.8 2.75 5.54 -15.97 1.37 10.35 0.02 1
Pedestrian 0 0 -10 0 0 0 0 1.79 0.79 0.9 -4.11 2.03 -37.1 -4.64 0
Pedestrian 0 0 -10 0 0 0 0 1.43 0.79 0.77 -6.65 2.0 -33.68 -4.55 0
Car 0 0 -10 942.94 796.79 1719.49 1194.23 1.43 1.82 3.58 9.2 2.42 6.53 -1.6 2
Pedestrian 0 0 -10 0 0 0 0 1.34 0.6 0.62 -5.58 2.06 -35.39 1.55 0
Pedestrian 0 0 -10 1032.52 641.38 1119.89 740.54 1.05 0.65 0.72 -14.96 1.21 17.01 -4.7 1
Car 0 0 -10 1606.2 670.86 1753.1 742.96 1.31 1.82 3.44 15.05 1.95 41.97 -1.57 0
Car 0 0 -10 0 0 0 0 1.77 2.03 4.7 3.23 2.35 -21.84 -1.55 0
Car 0 0 -10 0 0 0 0 1.55 2.5 5.0 2.61 1.86 -67.49 -1.59 0
Car 0 0 -10 1797.3 668.15 1920.0 747.36 1.45 1.71 3.6 19.05 2.03 41.79 -1.55 0
Car 0 0 -10 0.0 166.57 328.9 349.87 1.72 2.1 4.78 -21.66 1.45 -9.19 -4.2 3
Pedestrian 0 0 -10 464.39 272.21 853.19 886.0 1.64 1.0 1.0 -6.14 1.88 -1.13 -1.88 3
Pedestrian 0 0 -10 0 0 0 0 1.81 0.77 0.95 19.91 2.39 -50.54 -3.14 0
Car 0 0 -10 0 0 0 0 1.67 2.18 4.62 2.36 1.93 -57.83 -1.59 0
Pedestrian 0 0 -10 0 0 0 0 1.71 0.7 0.48 13.1 2.62 -19.31 -3.27 0
Car 0 0 -10 0 0 0 0 1.59 1.99 4.42 -12.94 1.67 -9.24 -4.19 0
Pedestrian 0 0 -10 0 0 0 0 1.84 0.72 0.65 10.42 2.75 -15.76 1.47 0
Car 0 0 -10 296.63 714.7 882.44 1034.14 1.85 1.97 4.51 9.02 2.45 12.98 -1.61 2
Car 0 0 -10 0 0 0 0 1.64 2.39 5.16 -0.07 2.09 -38.84 -1.55 0
Car 0 0 -10 1678.21 637.59 1846.44 718.46 1.8 2.3 4.97 19.87 1.73 49.77 -1.55 0
Pedestrian 0 0 -10 0 0 0 0 1.68 0.76 0.66 -6.42 1.99 -15.85 1.41 0
Pedestrian 0 0 -10 0 0 0 0 1.13 0.71 0.74 10.24 2.63 -21.02 -3.0 0
Car 0 0 -10 0.0 202.85 185.25 374.63 1.4 2.13 4.64 -19.22 1.48 -9.66 -0.98 3
Pedestrian 0 0 -10 0 0 0 0 1.45 0.65 0.85 -6.39 1.99 -36.7 -4.58 0
Car 0 0 -10 1195.93 650.9 1304.9 735.09 1.76 2.03 4.65 7.11 2.03 47.5 -1.53 0
Pedestrian 0 0 -10 0 0 0 0 1.67 0.76 0.89 -5.3 1.99 -37.35 -4.6 0
Pedestrian 0 0 -10 0 0 0 0 1.78 0.73 0.93 -6.8 1.32 -68.7 -1.83 0
Car 0 0 -10 1481.29 686.66 1711.77 809.79 1.51 1.89 4.27 9.49 2.25 30.1 -1.61 0
Car 0 0 -10 1021.48 650.56 1360.91 884.72 1.89 2.16 5.42 2.28 2.03 20.37 -1.68 0
Pedestrian 0 0 -10 0 0 0 0 1.38 0.61 0.67 -5.36 2.09 -36.17 -4.65 0
Pedestrian 0 0 -10 0 0 0 0 1.76 1.02 0.9 -6.81 1.53 -58.98 -1.55 0
Pedestrian 0 0 -10 0 0 0 0 1.35 0.56 0.65 -5.92 2.04 -34.72 -4.7 0
Car 0 0 -10 1318.61 640.82 1475.46 747.85 2.14 2.27 5.38 9.98 2.17 45.36 -1.57 0
Pedestrian 0 0 -10 0 0 0 0 1.64 0.89 0.97 -13.39 1.38 -47.41 -3.74 0
Car 0 0 -10 548.31 683.06 838.88 871.63 1.45 2.04 4.53 -2.21 1.93 19.79 -1.53 0
Car 0 0 -10 0 0 0 0 1.83 2.34 4.91 -3.0 2.3 -18.51 -1.55 0
Car 0 0 -10 0 0 0 0 1.54 2.1 4.55 5.34 2.44 -29.15 -1.59 0
Car 0 0 -10 1840.99 362.09 1920.0 886.0 1.97 2.49 5.69 8.82 2.64 -6.99 -1.58 4
Pedestrian 0 0 -10 1707.44 384.85 1920.0 683.28 1.62 0.85 1.01 12.0 2.53 -4.86 -1.6 4
Car 0 0 -10 1420.3 683.41 1518.89 723.68 1.23 1.61 3.33 18.3 2.74 71.15 -1.98 0
Car 0 0 -10 736.64 670.67 885.29 779.62 1.5 1.94 4.24 -1.97 2.03 32.69 -1.54 0
Car 0 0 -10 417.56 464.36 1639.65 886.0 1.51 1.97 4.51 8.96 2.57 -0.2 -1.53 4
Pedestrian 0 0 -10 0 0 0 0 1.28 0.58 0.51 -5.74 1.62 -37.17 -4.63 0
Pedestrian 0 0 -10 0 0 0 0 1.35 0.64 0.68 -4.96 1.68 -37.61 1.56 0
Pedestrian 0 0 -10 0 0 0 0 1.26 0.61 0.61 -6.43 2.0 -35.31 -4.71 0
Pedestrian 0 0 -10 0.0 253.85 15.61 849.88 1.69 0.82 1.01 -6.32 1.88 -3.9 -1.46 3
Car 0 0 -10 0 0 0 0 1.82 2.29 4.7 -3.0 2.35 -24.68 -1.53 0
Car 0 0 -10 1713.82 665.36 1862.32 744.41 1.45 1.71 3.6 17.26 1.97 41.87 -1.55 0
Car 0 0 -10 0 0 0 0 1.56 2.09 4.83 0.1 2.3 -15.07 -1.59 0
Car 0 0 -10 782.68 656.07 896.75 744.59 1.49 1.83 4.06 -1.82 1.82 38.68 -1.55 0
