Pedestrian 0 0 -10 0 0 0 0 1.99 1.09 0.9 4.39 1.49 -72.8 0.94 0
Car 0 0 -10 0 0 0 0 1.97 2.45 5.59 -8.25 1.27 -68.92 -3.45 0
Car 0 0 -10 0 0 0 0 1.52 2.14 5.35 -3.9 1.33 -63.95 -0.32 0
Car 0 0 -10 0.0 702.97 505.58 1114.48 1.8 2.12 4.32 -12.02 2.38 4.93 -3.15 1
Car 0 0 -10 567.96 288.76 1057.22 720.6 1.81 2.19 4.97 -12.22 2.38 -1.17 -3.2 3
Car 0 0 -10 0 0 0 0 1.91 2.13 5.02 5.24 1.09 -75.39 1.22 0
Car 0 0 -10 0 0 0 0 2.26 2.54 5.8 -9.08 1.83 -40.67 -3.31 0
Car 0 0 -10 0.0 698.36 42.45 1176.64 1.84 2.12 5.44 -12.21 2.33 2.23 -3.21 1
Car 0 0 -10 0 0 0 0 1.53 2.13 4.99 -2.67 1.67 -43.55 1.41 0
Car 0 0 -10 0.0 708.13 169.69 1280.0 2.03 2.51 5.79 -6.1 2.36 9.99 1.56 0
