Car 0 0 -10 1558.11 683.73 1920.0 1280.0 1.86 2.23 4.83 3.06 2.03 4.29 -1.57 0
Pedestrian 0 0 -10 0 0 0 0 1.63 0.77 0.76 -11.05 2.05 -61.25 -1.57 0
Pedestrian 0 0 -10 1337.4 649.43 1428.31 769.18 1.68 1.16 1.54 6.06 1.89 29.91 -1.45 0
Pedestrian 0 0 -10 1463.63 634.08 1558.29 775.77 1.79 0.96 1.11 7.04 1.78 26.59 -4.66 0
Car 0 0 -10 888.76 661.68 1008.23 750.79 1.56 2.19 4.83 -0.3 2.12 40.17 -1.56 0
Car 0 0 -10 1825.31 652.1 1920.0 871.61 1.77 2.1 4.57 10.2 1.93 17.79 -3.11 0
Car 0 0 -10 0 0 0 0 1.66 1.72 4.08 2.92 2.11 -51.38 -1.5 0
Car 0 0 -10 0 0 0 0 1.83 1.9 4.66 -6.7 2.4 -49.06 -4.67 0
Pedestrian 0 0 -10 0 0 0 0 1.7 0.79 0.87 5.91 1.98 -10.29 1.35 0
Pedestrian 0 0 -10 0 0 0 0 1.66 1.07 0.94 9.69 1.96 -45.68 1.33 0
Car 0 0 -10 0 0 0 0 1.73 1.87 4.17 -3.47 2.32 -49.91 1.55 0
Pedestrian 0 0 -10 330.79 685.87 445.13 827.96 1.62 1.0 1.0 -6.93 2.24 24.66 -2.25 0
Car 0 0 -10 0 0 0 0 1.51 1.85 4.31 -6.96 2.39 -10.44 -4.69 0
Car 0 0 -10 795.33 671.87 1208.4 849.25 1.67 2.06 4.55 -16.36 2.53 17.02 -3.14 1
Pedestrian 0 0 -10 617.52 657.19 727.42 821.08 1.96 0.89 1.15 -3.58 2.24 25.21 -3.04 0
Car 0 0 -10 0.0 338.23 392.9 886.0 1.58 1.81 4.24 -6.72 2.31 -4.28 -4.66 3
Pedestrian 0 0 -10 618.47 659.49 728.76 814.77 1.79 0.94 1.08 -3.45 2.09 24.38 -3.02 0
Car 0 0 -10 0 0 0 0 1.4 1.87 3.98 -0.31 2.01 -29.93 -1.56 0
Car 0 0 -10 0 0 0 0 1.84 2.06 4.51 -3.73 2.31 -20.67 1.57 0
Car 0 0 -10 0 0 0 0 2.05 2.12 4.91 -5.86 2.39 -42.51 0.6 0
Car 0 0 -10 925.71 654.97 1001.18 722.08 1.53 1.73 4.07 -0.01 2.04 50.42 -1.54 0
Car 0 0 -10 912.4 644.7 986.97 708.27 1.68 2.0 4.42 -0.43 1.97 57.61 -1.57 0
Car 0 0 -10 1044.43 637.62 1157.13 731.23 1.89 2.19 4.58 2.85 1.95 44.19 -1.55 0
Pedestrian 0 0 -10 0 0 0 0 1.59 0.98 0.78 4.29 1.79 -51.85 -1.55 0
Car 0 0 -10 0 0 0 0 1.41 1.99 4.47 3.21 1.93 -58.09 -1.56 0
Car 0 0 -10 0 0 0 0 1.79 2.04 4.38 2.88 2.15 -21.31 -1.56 0
Car 0 0 -10 459.94 649.39 646.93 773.63 1.93 2.16 5.65 -7.03 2.2 35.72 1.56 0
Pedestrian 0 0 -10 711.32 646.59 731.51 693.72 1.69 0.62 0.62 -8.83 2.11 74.29 -1.52 0
Car 0 0 -10 1038.03 599.66 1139.83 708.96 2.58 2.23 5.4 3.03 1.74 51.4 -1.56 0
Pedestrian 0 0 -10 279.1 666.96 335.41 768.9 1.71 0.72 0.77 -11.27 2.26 35.18 -1.58 0
Car 0 0 -10 0 0 0 0 1.74 1.83 3.96 -6.79 2.27 -60.27 -4.7 0
Pedestrian 0 0 -10 0 0 0 0 1.7 0.89 0.94 5.58 1.9 -10.82 1.5 0
Car 0 0 -10 334.75 674.58 574.38 819.81 1.72 2.05 4.76 -6.88 2.31 28.24 -4.7 0
Car 0 0 -10 0 0 0 0 1.44 2.28 4.92 -7.4 2.19 -74.25 -4.68 0
Car 0 0 -10 836.01 640.22 895.42 690.22 1.78 1.92 4.63 -3.68 1.98 76.47 -4.7 0
Car 0 0 -10 0 0 0 0 1.57 2.13 4.84 3.05 2.03 -64.19 -1.55 0
Pedestrian 0 0 -10 0 0 0 0 1.73 0.92 0.84 1.94 2.08 -53.06 1.33 0
Car 0 0 -10 0 0 0 0 1.62 1.9 4.16 -6.79 2.44 -28.57 -4.7 0
Car 0 0 -10 0 0 0 0 1.75 2.09 4.36 -7.0 2.32 -22.85 -4.7 0
Pedestrian 0 0 -10 618.12 648.68 642.35 698.7 1.66 0.68 0.68 -11.24 2.12 68.89 0.02 0
Car 0 0 -10 1332.13 666.33 1920.0 1178.47 1.82 2.03 3.92 3.16 2.0 9.59 -1.61 0
Car 0 0 -10 0 0 0 0 1.7 1.76 4.19 -3.55 2.07 -60.82 -4.7 0
Pedestrian 0 0 -10 0 0 0 0 1.71 0.95 1.12 6.51 1.92 -8.59 -1.58 0
Pedestrian 0 0 -10 603.94 650.2 653.83 715.77 1.78 1.01 1.1 -9.29 2.2 56.73 -1.34 0
Car 0 0 -10 0 0 0 0 2.17 2.46 4.9 -0.08 2.18 -9.08 -1.57 0
Car 0 0 -10 873.09 651.92 1009.05 765.72 1.7 2.08 4.17 -0.37 2.0 33.65 -1.57 0
Car 0 0 -10 713.92 713.06 1515.37 1159.56 1.67 1.9 3.96 -6.81 2.3 8.09 -4.68 1
Car 0 0 -10 0 0 0 0 1.54 2.13 4.7 -3.29 2.11 -74.37 1.57 0
Car 0 0 -10 568.09 671.41 694.54 749.21 1.44 1.92 4.65 -6.92 2.25 42.97 1.56 0
Car 0 0 -10 957.89 576.01 1086.14 690.75 3.74 2.83 7.69 1.85 1.81 70.96 -1.76 0
Car 0 0 -10 0 0 0 0 1.44 1.93 4.6 3.11 2.15 -5.43 -1.56 0
