Car 0 0 -10 0 0 0 0 1.86 2.23 4.83 3.14 2.11 -5.33 -1.56 0
Pedestrian 0 0 -10 611.32 673.67 648.39 727.0 1.65 0.8 0.9 -10.64 2.9 65.03 0.87 0
Pedestrian 0 0 -10 0 0 0 0 1.63 0.77 0.76 -11.34 1.27 -64.31 -1.53 0
Pedestrian 0 0 -10 1378.64 691.9 1505.22 837.82 1.68 1.16 1.54 5.81 2.39 25.17 -1.58 0
Pedestrian 0 0 -10 712.51 721.24 1027.89 1167.89 1.79 0.96 1.11 6.29 2.19 6.89 -4.48 2
Car 0 0 -10 909.06 685.44 1017.99 769.33 1.56 2.19 4.83 -0.02 2.71 43.8 -1.56 0
Car 0 0 -10 828.1 690.81 1582.38 1069.65 1.77 2.1 4.57 10.24 2.18 7.95 -3.1 2
Car 0 0 -10 0 0 0 0 1.66 1.72 4.08 2.62 1.39 -61.15 -1.49 0
Car 0 0 -10 0 0 0 0 1.83 1.9 4.66 -6.99 1.59 -58.67 -4.65 0
Pedestrian 0 0 -10 0 0 0 0 1.7 0.79 0.87 6.42 1.75 -29.64 -4.65 0
Pedestrian 0 0 -10 0 0 0 0 1.66 1.07 0.94 9.11 1.41 -55.94 -3.18 0
Pedestrian 0 0 -10 0.0 707.12 64.3 866.89 1.62 1.0 1.0 -10.25 2.41 21.45 -1.59 0
Car 0 0 -10 0 0 0 0 1.51 1.85 4.31 -6.99 2.16 -20.16 -4.69 0
Car 0 0 -10 0.0 684.56 458.29 950.54 1.67 2.06 4.55 -16.22 2.56 7.35 -3.13 1
Pedestrian 0 0 -10 0.0 696.37 24.13 950.98 1.96 0.89 1.15 -8.16 2.48 16.41 -2.02 0
Car 0 0 -10 0 0 0 0 1.58 1.81 4.24 -6.77 2.14 -13.96 -4.65 0
Pedestrian 0 0 -10 1431.14 679.49 1588.46 894.89 1.79 0.94 1.08 -9.38 2.37 16.31 -1.62 1
Car 0 0 -10 1575.32 670.67 1920.0 896.29 1.61 1.9 4.14 17.63 1.99 7.55 -3.12 2
Car 0 0 -10 0 0 0 0 1.84 2.06 4.51 -2.11 1.61 -49.12 0.94 0
Car 0 0 -10 1030.39 684.51 1134.95 753.26 1.53 1.73 4.07 2.96 2.82 51.12 -1.29 0
Pedestrian 0 0 -10 57.73 668.17 152.69 845.87 1.66 0.85 0.75 -20.04 2.48 8.13 -1.35 1
Car 0 0 -10 953.29 671.69 1038.47 728.35 1.68 2.0 4.42 1.02 2.91 66.28 -1.38 0
Car 0 0 -10 1084.75 669.47 1235.91 795.88 1.89 2.19 4.58 3.18 2.51 34.41 -1.54 0
Pedestrian 0 0 -10 0 0 0 0 1.59 0.98 0.78 5.32 1.07 -61.63 -3.05 0
Car 0 0 -10 0 0 0 0 1.41 1.99 4.47 2.87 1.13 -67.86 -1.55 0
Car 0 0 -10 0 0 0 0 1.79 2.04 4.38 2.74 1.83 -31.08 -1.55 0
Car 0 0 -10 271.0 677.46 559.96 860.03 1.93 2.16 5.65 -6.77 2.54 25.93 -4.71 0
Pedestrian 0 0 -10 689.93 673.48 713.42 727.92 1.69 0.62 0.62 -8.3 2.92 64.57 -1.51 0
Car 0 0 -10 1072.64 625.31 1203.12 761.88 2.58 2.23 5.4 3.41 2.4 41.62 -1.56 0
Car 0 0 -10 0.0 681.67 145.86 860.78 1.59 2.04 4.2 -23.31 2.76 8.0 -3.17 1
Car 0 0 -10 0 0 0 0 1.74 1.83 3.96 -7.15 1.31 -69.98 -4.69 0
Pedestrian 0 0 -10 0 0 0 0 1.7 0.89 0.94 5.7 1.74 -29.74 -4.69 0
Car 0 0 -10 0.0 712.87 417.37 953.89 1.72 2.05 4.76 -6.66 2.53 18.51 -4.69 0
Car 0 0 -10 0.0 755.39 191.32 1280.0 1.78 1.92 4.63 -3.68 2.22 4.72 -4.7 0
Car 0 0 -10 0 0 0 0 1.5 1.97 4.32 -1.04 0.98 -67.77 -1.56 0
Car 0 0 -10 0 0 0 0 1.57 2.13 4.84 2.67 1.14 -73.97 -1.55 0
Pedestrian 0 0 -10 0 0 0 0 1.73 0.92 0.84 4.61 1.22 -61.71 -1.35 0
Car 0 0 -10 622.19 696.33 817.29 830.15 1.53 2.08 4.75 -3.27 2.46 28.21 -4.7 0
Car 0 0 -10 0 0 0 0 1.62 1.9 4.16 -6.95 1.92 -38.29 -4.7 0
Car 0 0 -10 0 0 0 0 1.75 2.09 4.36 -7.12 1.88 -32.57 -4.69 0
Pedestrian 0 0 -10 578.39 674.74 607.09 733.24 1.66 0.68 0.68 -10.75 2.83 59.2 0.03 0
Car 0 0 -10 0 0 0 0 1.82 2.03 3.92 3.26 2.1 -0.2 -1.6 0
Pedestrian 0 0 -10 0 0 0 0 1.71 0.95 1.12 6.61 1.85 -11.09 -1.33 0
Pedestrian 0 0 -10 611.42 672.95 655.97 744.5 1.78 1.01 1.1 -8.47 2.78 52.42 -1.62 0
Car 0 0 -10 0 0 0 0 2.17 2.46 4.9 -0.1 1.98 -15.1 -1.57 0
Cyclist 0 0 -10 0 0 0 0 1.54 0.82 1.62 1.07 1.01 -67.77 -1.55 0
Car 0 0 -10 885.95 679.27 1018.16 793.34 1.7 2.08 4.17 -0.23 2.5 34.52 -1.58 0
Car 0 0 -10 0.0 307.27 1186.86 886.0 1.67 1.9 3.96 -6.7 2.18 -1.51 -4.67 3
Car 0 0 -10 464.28 704.83 640.05 811.8 1.44 1.92 4.65 -6.6 2.67 33.24 -4.71 0
Car 0 0 -10 818.61 605.91 1003.53 713.48 3.74 2.83 7.69 -2.09 2.74 75.27 -2.21 0
Car 0 0 -10 0 0 0 0 1.44 1.93 4.6 3.11 2.04 -15.21 -1.56 0
