Pedestrian 0 0 -10 730.25 682.72 845.45 870.71 1.48 0.67 0.67 -13.07 2.04 11.22 -3.23 1
Car 0 0 -10 0 0 0 0 2.25 2.35 5.57 -4.99 2.91 -51.17 1.54 0
Pedestrian 0 0 -10 0 0 0 0 1.63 0.66 0.72 10.81 2.5 -71.41 -1.65 0
Car 0 0 -10 1594.74 339.52 1920.0 886.0 1.74 2.18 4.87 4.84 2.19 -4.29 -0.81 4
Pedestrian 0 0 -10 1523.5 663.37 1608.86 798.48 1.73 0.8 0.99 8.32 2.04 27.34 -1.63 0
Pedestrian 0 0 -10 732.7 663.75 764.76 726.64 1.8 0.71 0.81 -5.55 2.47 59.94 -3.07 0
Pedestrian 0 0 -10 0 0 0 0 1.73 0.79 0.77 11.47 2.51 -42.43 -1.74 0
Pedestrian 0 0 -10 0 0 0 0 1.82 0.82 1.07 9.89 2.08 -6.31 -1.67 0
Car 0 0 -10 995.95 671.73 1253.44 772.19 1.65 2.29 4.6 3.58 2.31 39.38 -0.68 0
Car 0 0 -10 571.32 672.41 729.15 781.38 1.6 2.03 4.4 -4.87 2.21 35.3 -4.71 0
Pedestrian 0 0 -10 1167.42 658.04 1198.87 717.8 1.77 0.84 0.85 7.37 2.29 62.22 -1.59 0
Pedestrian 0 0 -10 0 0 0 0 1.76 0.95 0.89 10.75 2.39 -40.46 -1.65 0
Car 0 0 -10 0 0 0 0 1.78 2.1 4.58 7.12 2.66 -53.67 -0.75 0
Car 0 0 -10 0 0 0 0 1.53 2.1 4.48 -2.91 2.35 -19.13 1.54 0
Car 0 0 -10 0 0 0 0 1.8 2.02 4.46 6.13 2.32 -30.6 -0.74 0
Pedestrian 0 0 -10 0 0 0 0 1.64 0.69 0.65 12.52 2.52 -48.98 -1.46 0
Car 0 0 -10 0 0 0 0 1.43 2.07 4.34 7.18 2.66 -50.21 -0.73 0
Car 0 0 -10 0 0 0 0 1.93 2.27 5.02 -5.76 2.66 -33.1 1.54 0
Pedestrian 0 0 -10 415.96 674.1 450.33 733.65 1.55 0.76 0.58 -13.44 2.43 54.72 -1.59 0
Pedestrian 0 0 -10 0 0 0 0 1.8 0.78 0.75 13.43 2.41 -47.75 -0.0 0
Pedestrian 0 0 -10 0 0 0 0 1.57 0.75 0.79 10.59 2.49 -49.35 -1.5 0
Pedestrian 0 0 -10 0 0 0 0 1.62 0.62 0.82 12.31 2.54 -71.98 -1.71 0
Car 0 0 -10 0.0 270.35 898.56 886.0 2.0 2.11 5.29 -6.89 2.34 -2.93 1.52 3
Car 0 0 -10 0 0 0 0 1.51 2.23 5.01 -6.52 2.46 -14.74 1.54 0
Pedestrian 0 0 -10 0 0 0 0 1.72 0.85 0.87 9.64 2.8 -61.4 -1.56 0
Pedestrian 0 0 -10 0 0 0 0 1.8 0.73 0.91 11.04 2.67 -60.34 -1.71 0
Car 0 0 -10 0 0 0 0 1.53 2.06 4.46 -1.9 2.67 -56.92 1.55 0
Pedestrian 0 0 -10 0 0 0 0 1.72 0.71 0.73 12.32 2.64 -56.19 -1.63 0
Pedestrian 0 0 -10 0 0 0 0 1.8 1.04 0.94 -7.78 2.47 -22.08 -2.47 0
Pedestrian 0 0 -10 0 0 0 0 1.65 0.83 0.79 11.77 2.41 -41.45 -1.67 0
Pedestrian 0 0 -10 0 0 0 0 1.52 0.53 0.5 11.17 2.11 -17.31 -1.63 0
Pedestrian 0 0 -10 1230.31 722.45 1465.87 1115.3 1.69 0.79 0.81 8.27 2.06 5.61 -3.26 2
Pedestrian 0 0 -10 1304.52 673.82 1362.41 746.09 1.38 1.0 1.0 7.8 2.04 40.77 -1.52 0
Pedestrian 0 0 -10 0 0 0 0 1.83 0.76 0.91 9.03 2.08 -6.36 -1.62 0
Car 0 0 -10 911.21 648.68 1114.97 719.55 1.9 2.55 5.77 2.24 2.19 61.64 -0.65 0
Car 0 0 -10 963.71 677.49 1177.64 758.48 1.44 1.91 4.17 2.73 2.27 42.43 -0.66 0
Pedestrian 0 0 -10 456.86 673.33 482.39 718.59 1.34 0.67 0.43 -14.15 2.32 62.07 1.51 0
Pedestrian 0 0 -10 0 0 0 0 1.27 0.84 0.98 -11.69 2.48 -16.24 -3.84 0
Pedestrian 0 0 -10 1201.42 657.67 1244.65 720.77 1.66 0.9 1.05 7.68 2.12 55.76 -1.72 0
Pedestrian 0 0 -10 0 0 0 0 1.73 0.75 0.87 -9.04 2.73 -43.29 -1.64 0
Car 0 0 -10 0 0 0 0 1.75 2.21 4.59 5.97 2.39 -27.12 -0.72 0
Pedestrian 0 0 -10 0 0 0 0 1.79 0.87 0.92 11.31 2.19 -23.37 -1.63 0
Pedestrian 0 0 -10 0 0 0 0 1.59 0.83 0.82 3.34 2.19 -6.28 -1.49 0
Pedestrian 0 0 -10 0 0 0 0 1.54 0.71 0.7 11.07 2.31 -35.89 -1.64 0
Pedestrian 0 0 -10 0 0 0 0 1.53 0.88 0.68 13.23 2.44 -68.42 -1.6 0
Car 0 0 -10 880.77 649.09 1121.28 740.17 2.2 2.59 6.53 1.75 2.49 56.1 -0.72 0
Pedestrian 0 0 -10 1393.01 653.14 1459.18 744.8 1.73 0.86 1.26 9.52 1.98 40.28 -1.72 0
Car 0 0 -10 0.0 482.23 1667.47 886.0 1.48 2.03 4.47 -3.69 2.18 -1.42 1.51 3
Pedestrian 0 0 -10 454.11 670.15 486.47 732.94 1.73 0.71 0.72 -13.18 2.56 57.91 -1.53 0
Pedestrian 0 0 -10 478.91 692.55 624.23 936.47 1.69 0.64 0.98 8.7 1.98 12.85 -1.51 2
Car 0 0 -10 0 0 0 0 1.77 2.1 4.64 -6.31 2.53 -20.26 1.51 0
Car 0 0 -10 803.24 650.92 1072.1 896.28 1.91 2.21 4.66 -0.1 2.06 19.35 -1.62 0
Pedestrian 0 0 -10 0 0 0 0 1.66 0.64 0.59 12.24 2.58 -69.29 -1.66 0
Pedestrian 0 0 -10 782.75 308.51 986.7 757.74 1.77 0.8 0.81 8.78 2.09 0.29 -1.67 4
Pedestrian 0 0 -10 0 0 0 0 1.57 0.86 0.85 11.32 2.37 -57.93 -1.52 0
Car 0 0 -10 515.47 619.99 668.64 751.07 3.1 2.79 7.0 -8.83 2.58 53.2 1.56 0
Pedestrian 0 0 -10 0 0 0 0 1.5 0.75 0.55 11.94 2.26 -25.69 1.56 0
Pedestrian 0 0 -10 1529.11 677.87 1586.87 781.47 1.58 0.65 0.76 9.73 2.17 32.37 -1.63 0
Pedestrian 0 0 -10 0 0 0 0 1.86 0.8 0.95 11.88 2.51 -45.53 -1.59 0
Car 0 0 -10 915.67 648.79 1121.77 734.35 1.93 2.13 5.06 2.03 2.18 51.58 -0.72 0
Pedestrian 0 0 -10 1491.58 678.95 1549.78 774.73 1.46 0.68 0.72 9.14 2.07 32.38 -1.65 0
Car 0 0 -10 608.2 654.83 680.22 702.81 1.4 1.75 4.09 -9.52 1.9 66.69 1.56 0
Pedestrian 0 0 -10 1442.0 711.6 1664.43 1034.75 1.63 0.89 0.78 10.34 2.01 5.72 0.43 2
Pedestrian 0 0 -10 0 0 0 0 1.77 0.8 0.69 2.67 2.13 -5.83 -0.83 0
Pedestrian 0 0 -10 0 0 0 0 1.58 0.82 0.93 10.98 2.29 -27.96 -1.6 0
Pedestrian 0 0 -10 0 0 0 0 1.73 0.66 0.6 13.53 2.36 -50.15 -4.23 0
Pedestrian 0 0 -10 906.34 673.19 1145.25 979.47 1.79 1.0 1.16 9.64 1.94 8.97 -4.58 2
Pedestrian 0 0 -10 0 0 0 0 1.42 0.74 0.73 12.77 2.46 -60.19 -1.61 0
Car 0 0 -10 0 0 0 0 1.29 2.19 4.43 1.3 2.53 -43.61 -1.65 0
Pedestrian 0 0 -10 0 0 0 0 1.57 0.78 0.66 -8.8 2.53 -40.59 -1.61 0
Pedestrian 0 0 -10 0 0 0 0 1.87 0.73 0.95 -4.16 2.73 -60.8 -2.68 0
Pedestrian 0 0 -10 0 0 0 0 1.8 0.76 0.96 9.63 2.18 -16.93 -1.59 0
Pedestrian 0 0 -10 463.41 657.37 515.49 748.66 1.78 0.83 0.59 22.56 1.8 35.65 1.37 2
Car 0 0 -10 619.43 681.1 737.47 762.46 1.47 1.99 4.47 -5.49 2.41 43.86 1.55 0
Pedestrian 0 0 -10 1207.57 668.12 1246.79 727.06 1.5 0.91 0.78 7.51 2.22 53.69 -1.58 0
Pedestrian 0 0 -10 0 0 0 0 1.77 0.86 1.05 9.34 2.11 -13.45 -1.61 0
Car 0 0 -10 0 0 0 0 1.56 2.13 4.79 6.28 2.65 -40.82 -0.69 0
Pedestrian 0 0 -10 0 0 0 0 1.54 0.61 0.7 -10.94 2.55 -40.24 0.08 0
Pedestrian 0 0 -10 0 0 0 0 1.84 0.69 0.89 -7.87 2.56 -19.37 0.41 0
Car 0 0 -10 0 0 0 0 1.56 2.01 4.76 -5.45 2.75 -44.02 1.51 0
Pedestrian 0 0 -10 1376.43 661.92 1431.37 746.92 1.6 0.9 0.95 8.99 2.01 39.86 -1.52 0
Pedestrian 0 0 -10 1542.99 662.31 1651.69 791.89 1.76 1.13 1.02 9.3 2.07 29.11 -1.74 0
Car 0 0 -10 0 0 0 0 1.64 2.06 4.45 6.51 2.31 -36.7 -0.78 0
Car 0 0 -10 0 0 0 0 2.08 2.22 5.01 -2.43 2.5 -38.25 1.52 0
Car 0 0 -10 1898.56 678.84 1920.0 791.78 1.29 1.95 4.16 14.76 1.81 26.01 -3.17 0
Pedestrian 0 0 -10 0 0 0 0 2.2 0.83 0.74 11.74 2.51 -47.9 -3.68 0
Car 0 0 -10 1069.18 685.16 1328.87 787.25 1.52 1.88 4.19 -22.32 2.69 28.72 -3.22 1
Car 0 0 -10 419.14 688.7 571.2 780.98 1.51 2.02 4.47 -8.58 2.53 40.2 1.56 0
Pedestrian 0 0 -10 791.38 702.57 1006.8 985.25 1.6 1.02 0.84 8.8 1.93 9.23 -1.47 2
Car 0 0 -10 0 0 0 0 1.87 2.24 4.7 2.63 2.37 -23.18 -0.9 0
Pedestrian 0 0 -10 1161.41 304.47 1397.45 672.35 1.67 0.81 0.96 10.04 2.04 -1.56 -1.65 4
Car 0 0 -10 322.49 306.5 1920.0 886.0 1.9 2.16 4.64 5.21 2.18 -0.54 -0.75 4
Pedestrian 0 0 -10 1135.82 667.59 1158.42 707.02 1.31 0.69 0.6 7.04 2.22 69.74 -1.6 0
Pedestrian 0 0 -10 161.93 709.52 302.9 947.59 1.6 0.84 0.92 -5.06 2.12 14.8 -3.44 0
Car 0 0 -10 0 0 0 0 1.86 2.22 4.95 -6.05 2.49 -26.71 1.49 0
Pedestrian 0 0 -10 0 0 0 0 1.65 0.62 0.64 11.72 2.18 -17.28 -1.64 0
Pedestrian 0 0 -10 1397.98 269.85 1752.87 695.63 1.8 0.92 1.25 9.45 2.01 -2.8 -1.77 4
Pedestrian 0 0 -10 0 0 0 0 1.67 0.91 0.7 10.75 2.46 -43.75 -1.63 0
Pedestrian 0 0 -10 0 0 0 0 1.67 0.79 0.73 12.08 2.64 -59.23 -1.56 0
Pedestrian 0 0 -10 0 0 0 0 1.87 0.89 0.99 9.96 2.28 -23.36 -1.64 0
Pedestrian 0 0 -10 509.61 652.8 549.97 743.12 1.75 0.53 0.56 22.83 1.68 34.62 -1.87 2
Pedestrian 0 0 -10 519.39 693.01 675.01 908.68 1.6 0.85 0.86 9.57 1.91 13.49 1.29 2
Pedestrian 0 0 -10 0 0 0 0 1.67 0.82 0.78 10.26 2.22 -16.92 -1.59 0
Car 0 0 -10 865.12 699.53 1573.2 1100.35 1.68 1.94 4.51 -7.32 2.23 9.83 1.51 1
Pedestrian 0 0 -10 0 0 0 0 1.98 0.76 0.68 11.3 2.95 -70.24 1.46 0
Pedestrian 0 0 -10 1159.19 659.19 1192.83 724.69 1.68 0.74 0.48 6.17 2.16 53.69 1.29 0
Car 0 0 -10 1245.51 675.89 1646.21 801.28 1.46 2.2 5.06 -15.5 2.23 25.53 -3.31 1
Car 0 0 -10 1276.23 671.14 1588.48 787.14 1.59 1.9 4.56 -17.81 2.38 28.95 -3.18 1
Car 0 0 -10 0 0 0 0 1.66 2.05 4.56 -6.67 2.4 -8.66 1.55 0
Car 0 0 -10 0 0 0 0 1.61 2.09 4.45 6.71 2.64 -43.87 -0.68 0
Pedestrian 0 0 -10 0 0 0 0 1.61 0.79 0.75 10.53 2.28 -31.24 -1.55 0
Car 0 0 -10 0.0 696.9 983.87 1280.0 1.9 2.35 5.16 -7.06 2.34 3.63 1.47 1
Pedestrian 0 0 -10 1161.57 648.07 1195.23 716.22 1.95 0.78 1.07 6.99 2.17 60.2 -1.66 0
Pedestrian 0 0 -10 1420.68 656.66 1482.57 757.2 1.75 0.76 0.95 9.19 2.04 36.94 -1.75 0
Pedestrian 0 0 -10 0 0 0 0 1.7 0.78 0.83 11.58 2.02 -50.2 -1.7 0
