Pedestrian 0 0 -10 316.58 700.97 453.95 923.48 1.48 0.67 0.67 -13.21 2.14 7.54 -3.24 1
Car 0 0 -10 0 0 0 0 2.25 2.35 5.57 -4.44 3.05 -54.76 1.53 0
Pedestrian 0 0 -10 0 0 0 0 1.63 0.66 0.72 11.36 2.63 -72.29 -1.66 0
Car 0 0 -10 0 0 0 0 1.74 2.18 4.87 4.87 2.24 -7.78 -0.82 0
Pedestrian 0 0 -10 1513.93 665.6 1603.5 807.63 1.73 0.8 0.99 7.85 2.06 26.09 -1.64 0
Pedestrian 0 0 -10 616.31 664.14 651.42 730.95 1.8 0.71 0.81 -8.38 2.44 56.49 -3.08 0
Pedestrian 0 0 -10 0 0 0 0 1.73 0.79 0.77 11.3 2.59 -43.56 -1.87 0
Pedestrian 0 0 -10 0 0 0 0 1.82 0.82 1.07 9.73 2.14 -7.73 -1.68 0
Car 0 0 -10 975.5 673.99 1257.25 785.43 1.65 2.29 4.6 3.13 2.31 35.88 -0.7 0
Car 0 0 -10 436.08 681.62 651.27 823.77 1.6 2.03 4.4 -5.24 2.23 27.85 -4.71 0
Pedestrian 0 0 -10 1151.7 654.28 1183.01 715.71 1.77 0.84 0.85 6.71 2.17 60.48 -1.56 0
Pedestrian 0 0 -10 0 0 0 0 1.76 0.95 0.89 10.98 2.48 -41.61 -1.66 0
Car 0 0 -10 0 0 0 0 1.78 2.1 4.58 7.69 2.77 -57.13 -0.76 0
Pedestrian 0 0 -10 0 0 0 0 1.66 0.66 0.77 12.84 2.9 -67.42 -1.52 0
Car 0 0 -10 442.67 670.85 682.9 773.3 1.79 2.39 4.79 -35.16 3.04 24.29 -3.19 1
Car 0 0 -10 0 0 0 0 1.53 2.1 4.48 -2.59 2.5 -28.54 1.55 0
Car 0 0 -10 0 0 0 0 1.8 2.02 4.46 6.48 2.39 -34.05 -0.75 0
Car 0 0 -10 0 0 0 0 1.93 2.27 5.02 -5.41 2.78 -36.75 1.52 0
Pedestrian 0 0 -10 376.47 677.22 411.77 739.39 1.55 0.76 0.58 -13.9 2.48 52.49 -1.65 0
Pedestrian 0 0 -10 0 0 0 0 1.8 0.78 0.75 14.23 2.48 -51.2 -0.2 0
Pedestrian 0 0 -10 0 0 0 0 1.57 0.75 0.79 11.16 2.57 -50.83 -1.56 0
Pedestrian 0 0 -10 0 0 0 0 1.62 0.62 0.82 12.62 2.61 -73.21 -1.81 0
Car 0 0 -10 614.58 682.36 673.93 724.68 1.3 1.75 4.09 -10.48 2.85 73.27 1.51 0
Car 0 0 -10 0 0 0 0 2.0 2.11 5.29 -6.87 2.43 -6.54 1.51 0
Car 0 0 -10 0 0 0 0 1.51 2.23 5.01 -6.37 2.56 -18.35 1.53 0
Car 0 0 -10 921.41 680.04 1143.91 759.63 1.38 2.05 4.21 1.93 2.26 41.97 -0.67 0
Pedestrian 0 0 -10 0 0 0 0 1.72 0.85 0.87 10.56 2.81 -62.62 -1.39 0
Pedestrian 0 0 -10 0 0 0 0 1.8 0.73 0.91 11.39 2.72 -61.29 -1.69 0
Car 0 0 -10 0 0 0 0 1.53 2.06 4.46 -1.26 2.82 -61.08 1.54 0
Pedestrian 0 0 -10 0 0 0 0 1.72 0.71 0.73 12.77 2.75 -57.51 -1.65 0
Pedestrian 0 0 -10 0 0 0 0 1.8 1.04 0.94 -8.66 2.62 -24.79 -2.46 0
Pedestrian 0 0 -10 0 0 0 0 1.65 0.83 0.79 11.95 2.43 -42.83 -1.72 0
Pedestrian 0 0 -10 0 0 0 0 1.52 0.53 0.5 11.29 2.15 -19.92 -1.65 0
Pedestrian 0 0 -10 206.85 351.04 495.22 855.86 1.69 0.79 0.81 7.55 2.1 2.14 -3.16 4
Pedestrian 0 0 -10 1306.48 676.37 1370.5 753.72 1.38 1.0 1.0 7.42 2.06 38.26 -1.57 0
Pedestrian 0 0 -10 0 0 0 0 1.83 0.76 0.91 8.88 2.05 -7.43 -1.66 0
Car 0 0 -10 884.65 647.19 1100.45 722.52 1.9 2.55 5.77 1.55 2.14 58.12 -0.66 0
Car 0 0 -10 940.15 680.39 1172.86 769.55 1.44 1.91 4.17 2.25 2.26 38.92 -0.67 0
Pedestrian 0 0 -10 394.13 676.88 422.91 726.7 1.34 0.67 0.43 -14.54 2.32 56.4 1.53 0
Pedestrian 0 0 -10 0 0 0 0 1.27 0.84 0.98 -11.52 2.6 -19.9 -3.84 0
Pedestrian 0 0 -10 1169.35 656.52 1212.42 720.61 1.66 0.9 1.05 6.72 2.09 54.9 -1.71 0
Pedestrian 0 0 -10 0 0 0 0 1.73 0.75 0.87 -8.75 2.87 -44.48 -1.66 0
Car 0 0 -10 0 0 0 0 1.75 2.21 4.59 6.26 2.47 -30.58 -0.73 0
Pedestrian 0 0 -10 0 0 0 0 1.79 0.87 0.92 11.45 2.18 -24.75 -1.61 0
Pedestrian 0 0 -10 0 0 0 0 1.59 0.83 0.82 3.3 2.25 -9.68 -1.69 0
Pedestrian 0 0 -10 0 0 0 0 1.54 0.71 0.7 11.35 2.37 -37.3 -1.62 0
Pedestrian 0 0 -10 0 0 0 0 1.53 0.88 0.68 13.94 2.57 -70.69 -1.61 0
Car 0 0 -10 851.71 648.89 1108.01 746.57 2.2 2.59 6.53 1.12 2.47 52.58 -0.74 0
Pedestrian 0 0 -10 1339.07 654.22 1410.56 747.62 1.73 0.86 1.26 8.39 2.0 39.65 -1.85 0
Car 0 0 -10 0 0 0 0 1.48 2.03 4.47 -3.28 2.3 -12.52 1.51 0
Pedestrian 0 0 -10 416.64 672.59 449.48 737.55 1.73 0.71 0.72 -13.78 2.59 56.05 -1.58 0
Pedestrian 0 0 -10 616.48 689.24 755.18 944.77 1.69 0.64 0.98 9.0 1.95 11.64 -1.3 2
Car 0 0 -10 0 0 0 0 1.77 2.1 4.64 -6.1 2.64 -23.85 1.5 0
Car 0 0 -10 763.45 659.92 957.93 839.56 1.91 2.21 4.66 -1.07 2.21 25.86 -1.66 0
Pedestrian 0 0 -10 0 0 0 0 1.66 0.64 0.59 12.88 2.69 -71.32 -1.64 0
Pedestrian 0 0 -10 1305.7 302.6 1565.3 759.73 1.77 0.8 0.81 8.63 2.1 -1.93 -1.69 4
Pedestrian 0 0 -10 0 0 0 0 1.57 0.86 0.85 11.9 2.52 -59.02 -1.59 0
Car 0 0 -10 456.9 619.41 625.4 760.8 3.1 2.79 7.0 -9.43 2.61 49.56 1.55 0
Car 0 0 -10 374.93 691.2 652.53 861.34 1.66 2.1 4.4 -21.15 2.7 14.05 0.87 1
Pedestrian 0 0 -10 0 0 0 0 1.5 0.75 0.55 12.15 2.34 -30.83 1.57 0
Pedestrian 0 0 -10 1545.64 673.06 1608.0 784.16 1.58 0.65 0.76 9.36 2.07 30.21 -1.63 0
Pedestrian 0 0 -10 0 0 0 0 1.86 0.8 0.95 12.37 2.53 -46.57 -1.58 0
Car 0 0 -10 888.76 648.92 1109.58 741.2 1.93 2.13 5.06 1.45 2.17 48.07 -0.73 0
Pedestrian 0 0 -10 1496.62 677.75 1558.97 780.37 1.46 0.68 0.72 8.66 2.02 30.27 -1.64 0
Car 0 0 -10 563.93 655.84 641.39 706.78 1.4 1.75 4.09 -10.27 1.9 63.04 1.55 0
Pedestrian 0 0 -10 460.83 311.61 657.23 642.16 1.63 0.89 0.78 10.86 2.02 2.04 -0.05 4
Pedestrian 0 0 -10 0 0 0 0 1.77 0.8 0.69 2.77 2.22 -9.32 -0.83 0
Pedestrian 0 0 -10 0 0 0 0 1.58 0.82 0.93 11.08 2.32 -29.33 -1.67 0
Pedestrian 0 0 -10 1718.93 690.27 1920.0 1154.99 1.79 1.0 1.16 9.14 2.02 3.41 -4.59 2
Pedestrian 0 0 -10 0 0 0 0 1.42 0.74 0.73 13.33 2.57 -61.7 -1.62 0
Car 0 0 -10 0 0 0 0 1.29 2.19 4.43 1.77 2.65 -47.11 -1.66 0
Pedestrian 0 0 -10 1142.4 666.61 1174.4 729.5 1.69 0.79 0.82 6.03 2.41 56.6 -1.57 0
Pedestrian 0 0 -10 0 0 0 0 1.57 0.78 0.66 -8.39 2.68 -42.72 -1.59 0
Pedestrian 0 0 -10 0 0 0 0 1.8 0.76 0.96 9.78 2.15 -18.49 -1.6 0
Pedestrian 0 0 -10 539.96 651.64 594.08 749.86 1.78 0.83 0.59 21.99 1.71 32.11 1.27 2
Car 0 0 -10 529.37 689.8 677.14 789.41 1.47 1.99 4.47 -5.9 2.43 36.66 1.54 0
Pedestrian 0 0 -10 1193.13 665.06 1234.13 726.46 1.5 0.91 0.78 6.88 2.12 51.57 -1.59 0
Pedestrian 0 0 -10 0 0 0 0 1.77 0.86 1.05 9.37 2.08 -14.36 -1.62 0
Car 0 0 -10 0 0 0 0 1.56 2.13 4.79 6.71 2.76 -44.29 -0.7 0
Pedestrian 0 0 -10 0 0 0 0 1.54 0.61 0.7 -10.51 2.69 -43.89 0.07 0
Pedestrian 0 0 -10 0 0 0 0 1.84 0.69 0.89 -7.64 2.67 -22.98 0.47 0
Car 0 0 -10 0 0 0 0 1.56 2.01 4.76 -4.98 2.89 -47.62 1.49 0
Pedestrian 0 0 -10 1370.25 664.85 1428.61 753.46 1.6 0.9 0.95 8.58 2.06 38.35 -1.55 0
Pedestrian 0 0 -10 1508.08 667.05 1621.19 802.15 1.76 1.13 1.02 8.52 2.14 28.05 -1.77 0
Car 0 0 -10 0 0 0 0 1.64 2.06 4.45 6.89 2.38 -40.12 -0.79 0
Car 0 0 -10 0 0 0 0 2.08 2.22 5.01 -1.66 2.76 -47.59 1.5 0
Car 0 0 -10 1875.13 688.01 1920.0 821.74 1.29 1.95 4.16 12.85 1.87 22.54 -3.2 0
Pedestrian 0 0 -10 0 0 0 0 2.2 0.83 0.74 11.31 2.6 -53.23 -4.65 0
Car 0 0 -10 550.0 653.34 759.18 728.34 1.65 2.25 4.76 -41.39 2.67 31.47 1.56 1
Car 0 0 -10 904.23 691.5 1177.23 802.39 1.52 1.88 4.19 -22.65 2.76 24.94 -3.23 1
Car 0 0 -10 339.44 694.89 512.19 797.69 1.51 2.02 4.47 -9.03 2.56 36.58 1.55 0
Pedestrian 0 0 -10 948.86 701.92 1181.96 1013.53 1.6 1.02 0.84 8.72 1.91 7.81 -1.62 2
Car 0 0 -10 0 0 0 0 1.87 2.24 4.7 2.53 2.45 -26.98 -0.98 0
Pedestrian 0 0 -10 1401.88 291.65 1668.34 668.13 1.67 0.81 0.96 9.81 2.0 -2.67 -1.69 4
Car 0 0 -10 1527.38 300.99 1920.0 886.0 1.9 2.16 4.64 5.2 2.22 -4.03 -0.76 4
Pedestrian 0 0 -10 1111.4 666.94 1134.53 706.95 1.31 0.69 0.6 6.15 2.19 68.8 -1.63 0
Pedestrian 0 0 -10 1256.37 728.0 1437.3 1017.75 1.6 0.84 0.92 -7.08 2.25 10.51 -3.52 1
Car 0 0 -10 0 0 0 0 1.86 2.22 4.95 -5.77 2.6 -30.32 1.48 0
Pedestrian 0 0 -10 0 0 0 0 1.65 0.62 0.64 11.78 2.23 -20.02 -1.66 0
Pedestrian 0 0 -10 1629.94 272.38 1920.0 715.97 1.8 0.92 1.25 9.04 2.04 -3.7 -1.74 4
Pedestrian 0 0 -10 0 0 0 0 1.67 0.91 0.7 11.02 2.56 -45.17 -1.64 0
Pedestrian 0 0 -10 0 0 0 0 1.67 0.79 0.73 12.72 2.76 -60.54 -1.57 0
Pedestrian 0 0 -10 0 0 0 0 1.87 0.89 0.99 9.95 2.31 -24.42 -1.67 0
Pedestrian 0 0 -10 590.5 647.87 633.14 744.4 1.75 0.53 0.56 22.44 1.62 31.33 -1.88 2
Pedestrian 0 0 -10 929.52 694.88 1120.22 966.64 1.6 0.85 0.86 9.64 1.9 8.98 1.46 2
Pedestrian 0 0 -10 0 0 0 0 1.67 0.82 0.78 10.39 2.22 -18.54 -1.6 0
Car 0 0 -10 228.63 722.78 1215.16 1272.25 1.68 1.94 4.51 -7.44 2.31 6.24 1.5 1
Car 0 0 -10 708.77 666.57 766.04 714.87 1.6 1.83 3.98 -7.4 2.6 75.65 1.53 0
Pedestrian 0 0 -10 1179.08 656.66 1216.66 729.36 1.68 0.74 0.48 6.09 2.06 48.44 1.26 0
Car 0 0 -10 842.42 680.64 1211.06 806.9 1.46 2.2 5.06 -20.04 2.42 21.68 -3.18 1
Car 0 0 -10 1114.56 675.96 1443.86 802.73 1.59 1.9 4.56 -18.15 2.44 25.21 -3.19 1
Car 0 0 -10 0 0 0 0 1.66 2.05 4.56 -6.59 2.48 -12.27 1.54 0
Pedestrian 0 0 -10 0 0 0 0 1.61 0.79 0.75 10.87 2.3 -32.43 -1.57 0
Car 0 0 -10 0.0 730.64 179.46 1280.0 1.9 2.35 5.16 -7.11 2.42 0.02 1.46 1
Pedestrian 0 0 -10 1135.03 646.95 1167.66 715.83 1.95 0.78 1.07 6.14 2.14 59.56 -1.63 0
Pedestrian 0 0 -10 1410.76 653.76 1470.75 758.68 1.75 0.76 0.95 8.62 1.98 35.35 -1.63 0
Pedestrian 0 0 -10 0 0 0 0 1.7 0.78 0.83 12.31 2.21 -51.51 -1.5 0
