Car 0 0 -10 1586.82 525.34 1920.0 762.56 3.17 2.99 11.9 15.07 1.62 28.38 -3.01 0
Car 0 0 -10 0 0 0 0 1.63 2.02 4.5 2.07 1.76 -68.02 0.47 0
Car 0 0 -10 0.0 665.48 596.16 1158.54 1.79 2.18 4.73 -10.31 1.95 4.24 -3.17 1
Car 0 0 -10 0 0 0 0 1.99 2.29 5.21 -11.26 1.76 -51.07 -3.14 0
Pedestrian 0 0 -10 0 0 0 0 0.68 0.44 0.46 3.64 2.15 -1.24 -3.26 0
Car 0 0 -10 48.21 268.04 660.67 662.46 1.72 1.99 4.6 -12.1 2.02 -3.4 -3.14 3
Car 0 0 -10 0 0 0 0 1.84 2.06 4.88 10.9 1.83 -20.9 -3.06 0
Car 0 0 -10 0 0 0 0 1.78 1.98 4.49 -12.06 1.93 -8.75 -3.07 0
Pedestrian 0 0 -10 1908.97 206.04 1920.0 469.05 1.78 0.7 0.92 14.45 1.58 -7.25 -1.23 4
Car 0 0 -10 0 0 0 0 3.65 2.88 8.66 11.42 1.88 -14.64 -3.01 0
Car 0 0 -10 207.4 641.73 1920.0 1280.0 2.18 2.66 6.14 3.97 2.19 2.44 -1.59 2
Car 0 0 -10 904.47 657.26 982.21 722.97 1.95 1.98 3.94 -0.17 2.43 64.47 -4.62 0
Car 0 0 -10 0 0 0 0 1.65 2.08 4.45 9.99 1.9 -9.92 -2.99 0
Pedestrian 0 0 -10 1565.26 443.25 1920.0 886.0 1.69 0.75 0.89 4.22 2.17 -1.73 -2.82 4
Car 0 0 -10 0 0 0 0 1.79 2.18 4.79 10.13 1.91 -6.97 0.11 0
Car 0 0 -10 0 0 0 0 1.6 1.93 3.81 -10.67 1.91 -35.99 -3.14 0
Car 0 0 -10 744.8 646.53 892.1 709.36 2.14 2.21 4.72 -4.53 2.3 72.53 -2.99 0
Car 0 0 -10 1674.47 627.86 1920.0 808.5 2.12 2.46 5.22 11.74 1.96 25.27 0.16 0
