Car 0 0 -10 1288.69 603.91 1680.15 706.94 3.17 2.99 11.9 16.89 1.97 66.56 -2.97 0
Car 0 0 -10 0 0 0 0 1.63 2.02 4.5 -5.23 2.16 -10.29 -4.67 0
Car 0 0 -10 364.89 676.73 617.4 766.62 1.79 2.18 4.73 -9.48 2.53 43.53 -3.12 0
Car 0 0 -10 0 0 0 0 1.99 2.29 5.21 -12.82 2.21 -11.73 -3.1 0
Pedestrian 0 0 -10 1171.08 733.93 1200.99 773.09 0.68 0.44 0.46 4.24 2.34 37.39 -3.22 0
Car 0 0 -10 117.76 689.17 423.65 795.39 1.72 1.99 4.6 -11.6 2.55 35.92 -3.1 0
Car 0 0 -10 0 0 0 0 1.99 2.14 5.55 -15.75 1.91 -39.26 -3.1 0
Car 0 0 -10 1862.93 637.02 1920.0 861.03 1.84 2.06 4.88 10.64 1.79 17.46 -3.02 0
Car 0 0 -10 0 0 0 0 2.12 2.17 5.5 -14.46 1.99 -42.75 -3.07 0
Car 0 0 -10 0.0 684.8 307.76 815.7 1.78 1.98 4.49 -11.91 2.43 30.5 -3.02 0
Car 0 0 -10 1550.27 487.74 1920.0 816.21 3.65 2.88 8.66 11.49 1.93 23.73 -2.96 0
Car 0 0 -10 1114.72 655.45 1276.57 776.63 2.18 2.66 6.14 4.72 2.45 40.99 -1.55 0
Car 0 0 -10 0 0 0 0 2.02 2.11 5.03 5.97 1.27 -61.33 -3.05 0
Car 0 0 -10 1524.27 663.63 1880.81 791.4 1.65 2.08 4.45 10.26 1.95 28.53 -2.95 0
Pedestrian 0 0 -10 1192.76 677.91 1258.75 775.52 1.69 0.75 0.89 4.9 2.33 36.99 -2.34 0
Car 0 0 -10 1472.65 654.44 1820.08 778.62 1.79 2.18 4.79 10.48 1.98 31.56 0.15 0
Car 0 0 -10 0.0 748.4 170.28 1174.87 1.6 1.93 3.81 -11.5 2.26 3.34 -3.1 1
Car 0 0 -10 1301.46 642.76 1479.78 714.46 2.12 2.46 5.22 13.43 2.14 63.59 0.2 0
