Car 0 0 -10 0 0 0 0 1.69 2.11 4.84 -2.72 1.36 -49.36 -1.29 0
Car 0 0 -10 528.28 716.47 632.09 798.88 1.91 1.97 4.55 -9.41 3.34 52.66 1.53 0
Car 0 0 -10 0 0 0 0 1.64 1.74 4.19 0.55 0.89 -58.22 -2.96 0
Car 0 0 -10 0 0 0 0 1.88 2.26 5.77 8.88 1.4 -21.04 0.1 0
Car 0 0 -10 0 0 0 0 1.44 2.03 4.47 -7.69 2.06 -13.46 -4.61 0
Car 0 0 -10 1081.89 688.49 1281.35 762.25 2.16 2.57 5.59 6.81 2.98 62.73 -0.09 0
Pedestrian 0 0 -10 570.05 709.48 603.63 766.18 1.88 1.03 1.01 -12.39 3.5 70.21 1.48 0
Car 0 0 -10 0 0 0 0 1.45 2.06 4.58 3.65 1.88 -13.97 -1.5 0
Car 0 0 -10 0 0 0 0 1.48 1.99 4.61 10.18 1.44 -15.1 -3.06 0
Car 0 0 -10 0 0 0 0 1.52 2.09 4.63 10.16 1.59 -12.34 -3.09 0
Car 0 0 -10 0 0 0 0 2.39 2.62 3.0 -6.12 1.06 -62.33 -1.38 0
Car 0 0 -10 0 0 0 0 1.56 2.05 4.75 7.59 1.04 -39.18 0.23 0
Car 0 0 -10 0 0 0 0 2.01 2.05 4.75 8.29 1.37 -23.81 0.08 0
Car 0 0 -10 0 0 0 0 1.53 1.48 3.89 -24.3 0.97 -65.21 -2.86 0
Car 0 0 -10 0 0 0 0 2.37 2.44 6.42 -14.73 1.58 -52.1 -4.51 0
Pedestrian 0 0 -10 638.33 251.85 711.71 360.02 1.5 0.99 0.93 29.72 1.63 4.09 -3.23 4
Car 0 0 -10 586.61 720.78 667.04 782.24 1.77 1.98 4.46 -10.23 3.67 65.25 1.53 0
