Car 0 0 -10 514.29 704.45 648.92 757.38 1.78 2.13 4.24 -12.9 3.27 72.43 -3.12 0
Car 0 0 -10 671.44 704.81 758.0 769.31 1.91 2.15 4.77 -7.53 3.3 65.97 -4.71 0
Car 0 0 -10 0 0 0 0 1.69 2.11 4.84 -5.46 1.73 -73.63 -1.24 0
Car 0 0 -10 298.11 718.85 532.61 878.28 1.91 1.97 4.55 -7.21 2.72 28.53 -4.71 0
Car 0 0 -10 0 0 0 0 1.88 2.26 5.77 7.49 1.48 -45.89 0.15 0
Car 0 0 -10 0 0 0 0 1.44 2.03 4.47 -8.71 1.92 -37.55 -4.57 0
Car 0 0 -10 1306.62 672.35 1649.32 795.43 2.16 2.57 5.59 9.47 2.37 37.88 -0.04 0
Pedestrian 0 0 -10 479.3 701.99 537.28 794.11 1.88 1.03 1.01 -9.27 2.72 43.45 1.51 0
Car 0 0 -10 0 0 0 0 1.45 2.06 4.58 2.62 1.74 -38.65 -1.46 0
Car 0 0 -10 0 0 0 0 1.48 1.99 4.61 9.06 1.43 -40.02 -3.02 0
Car 0 0 -10 0 0 0 0 1.52 2.09 4.63 9.25 1.49 -37.25 -3.04 0
Car 0 0 -10 0 0 0 0 1.56 2.05 4.75 5.33 1.24 -63.96 0.28 0
Car 0 0 -10 0 0 0 0 2.01 2.05 4.75 6.76 1.55 -48.64 0.13 0
Pedestrian 0 0 -10 500.28 750.93 511.37 770.83 0.4 0.18 0.21 -9.2 2.23 42.92 1.54 0
Car 0 0 -10 1289.43 231.57 1428.28 305.06 1.74 2.2 5.25 52.49 1.4 -9.88 -3.2 4
Car 0 0 -10 0 0 0 0 2.37 2.44 6.42 -17.58 1.93 -75.79 -4.46 0
Pedestrian 0 0 -10 0 0 0 0 1.5 0.99 0.93 25.71 1.56 -22.02 -3.18 0
Car 0 0 -10 500.3 719.47 644.31 818.87 1.77 1.98 4.46 -7.46 2.95 41.23 -4.71 0
