Car 0 0 -10 0 0 0 0 1.63 2.13 4.6 -11.24 2.47 -13.35 -1.51 0
Pedestrian 0 0 -10 571.52 624.23 600.01 670.04 1.31 0.77 0.68 -10.25 0.83 59.35 0.0 0
Pedestrian 0 0 -10 490.14 600.47 525.24 672.2 1.82 0.59 0.64 -11.07 0.79 52.5 -0.97 0
Car 0 0 -10 413.36 637.72 874.73 802.56 1.69 2.14 4.82 14.56 1.6 19.46 -3.03 2
Car 0 0 -10 0 0 0 0 1.8 1.92 4.39 -27.81 2.94 -33.74 -4.69 0
Car 0 0 -10 603.18 258.45 1077.27 464.89 1.83 2.04 4.52 -20.31 2.47 -1.35 -4.7 3
Car 0 0 -10 1155.71 580.2 1479.87 718.23 1.68 1.8 4.37 22.76 0.91 15.91 -3.08 2
Car 0 0 -10 1085.5 227.63 1485.42 399.02 2.08 2.33 4.99 -27.08 2.49 4.09 -4.69 3
Car 0 0 -10 0.0 268.25 328.32 422.17 1.65 1.94 4.7 -24.2 2.56 -10.37 -4.68 3
Car 0 0 -10 0 0 0 0 1.63 1.85 4.31 -44.95 3.74 -61.51 -0.53 0
Pedestrian 0 0 -10 388.9 606.52 433.09 685.41 1.8 0.79 0.8 -12.2 1.02 47.23 -1.55 0
Car 0 0 -10 1444.21 537.86 1713.45 660.94 1.77 2.1 4.25 29.47 0.3 15.8 -3.11 2
Car 0 0 -10 1134.94 655.05 1262.8 704.73 1.4 1.87 4.4 -39.86 2.29 51.42 0.32 1
Car 0 0 -10 910.02 637.46 965.29 686.34 1.7 1.86 3.95 -0.05 1.59 75.34 -1.53 0
Car 0 0 -10 0.0 362.57 958.86 886.0 1.61 1.96 4.53 -7.51 2.3 -2.64 -1.54 3
Car 0 0 -10 272.53 263.31 456.97 363.94 1.85 2.09 5.03 -43.57 3.34 -12.72 -0.64 3
Car 0 0 -10 700.15 599.0 1147.35 790.78 1.91 2.16 4.56 16.02 1.42 16.35 -3.08 2
Car 0 0 -10 0 0 0 0 1.69 1.98 4.38 -21.6 2.95 -37.33 -4.67 0
Car 0 0 -10 0 0 0 0 1.4 1.73 3.99 -4.43 2.74 -55.38 -1.55 0
Car 0 0 -10 919.69 655.87 1103.56 834.9 1.81 1.95 4.13 0.87 2.03 23.96 -1.52 0
Car 0 0 -10 0 0 0 0 1.78 1.83 4.48 -45.26 3.79 -47.4 -0.5 0
Car 0 0 -10 0.0 679.09 10.04 776.9 1.44 1.84 4.3 -37.32 2.62 11.93 0.0 1
Car 0 0 -10 0.0 623.06 51.05 758.56 2.38 2.58 5.8 -19.6 2.06 38.63 -4.67 0
Car 0 0 -10 0 0 0 0 1.74 1.81 4.55 -44.04 3.56 -38.46 -0.47 0
Pedestrian 0 0 -10 1541.04 634.98 1561.73 691.03 1.81 0.79 0.63 -33.23 1.91 61.79 -3.61 1
Car 0 0 -10 5.76 260.52 169.54 332.62 2.14 1.99 4.85 -67.31 4.35 -28.42 1.05 3
Car 0 0 -10 1608.55 534.86 1844.57 627.93 1.51 2.14 4.27 34.77 -0.17 15.84 -3.1 2
Pedestrian 0 0 -10 1513.53 637.84 1537.12 695.43 1.86 0.69 0.47 -33.84 2.06 61.16 0.0 1
Pedestrian 0 0 -10 1366.63 628.41 1414.67 713.24 1.74 0.97 0.74 9.44 1.48 43.08 -3.2 0
Car 0 0 -10 0 0 0 0 1.65 1.89 4.26 -21.47 2.75 -18.14 -4.68 0
Car 0 0 -10 0 0 0 0 1.56 2.09 4.44 -1.04 2.36 -16.57 -1.53 0
Car 0 0 -10 199.05 653.99 320.91 717.14 1.58 1.86 4.23 -18.64 2.0 56.23 -4.69 0
Pedestrian 0 0 -10 493.81 605.12 528.78 672.14 1.72 0.73 0.74 -11.1 0.8 53.1 0.0 0
Pedestrian 0 0 -10 603.53 609.92 629.51 664.03 1.66 0.6 0.64 -10.01 0.71 63.46 1.04 0
Pedestrian 0 0 -10 1312.4 630.71 1353.77 710.78 1.75 0.73 0.84 8.74 1.52 45.71 -1.61 0
Pedestrian 0 0 -10 584.4 609.66 614.63 664.2 1.66 0.72 0.57 -10.45 0.71 62.96 0.58 0
Pedestrian 0 0 -10 609.53 621.76 638.35 662.59 1.29 0.73 0.8 -10.09 0.69 65.51 0.0 0
Car 0 0 -10 983.38 633.78 1063.93 702.66 1.83 2.21 5.71 2.46 1.65 59.33 -1.53 0
Car 0 0 -10 0 0 0 0 1.62 2.08 4.46 -26.6 2.97 -70.88 -4.67 0
Car 0 0 -10 0.0 275.58 17.42 346.17 1.78 1.92 4.53 -57.97 4.15 -29.21 1.03 3
Car 0 0 -10 0 0 0 0 2.03 2.09 5.0 -4.47 2.32 -9.3 -1.54 0
Pedestrian 0 0 -10 426.24 613.9 471.83 684.17 1.6 0.74 0.76 -11.31 0.99 47.18 -1.31 0
Car 0 0 -10 1769.85 509.36 1920.0 600.36 1.63 2.14 4.27 40.79 -0.7 15.62 -3.1 2
Car 0 0 -10 0 0 0 0 1.43 1.68 4.07 -45.03 3.71 -44.69 -0.56 0
Car 0 0 -10 0 0 0 0 1.53 2.04 4.67 2.15 2.34 -17.37 -1.52 0
Car 0 0 -10 676.75 665.53 821.91 718.71 1.64 2.05 4.63 -54.56 3.14 45.38 -4.62 1
Pedestrian 0 0 -10 605.45 610.06 631.7 662.5 1.64 0.65 0.71 -10.13 0.67 64.64 0.0 0
Car 0 0 -10 590.92 664.72 729.51 714.07 1.61 1.98 4.65 -59.9 3.19 45.64 -4.62 1
Car 0 0 -10 669.83 639.3 1047.44 813.63 2.04 2.09 5.0 -20.18 2.27 18.6 -4.71 1
Car 0 0 -10 0 0 0 0 1.52 2.24 4.59 -11.8 2.67 -28.84 -1.55 0
Car 0 0 -10 0 0 0 0 1.48 1.94 4.1 -22.92 2.42 -65.16 -4.67 0
Car 0 0 -10 0 0 0 0 1.55 2.22 4.78 -8.17 2.59 -24.61 -1.54 0
Car 0 0 -10 0.0 785.11 294.53 1280.0 1.56 2.04 4.97 -3.62 2.17 5.18 -1.52 0
Car 0 0 -10 0.0 634.33 139.78 732.17 2.26 2.22 5.97 -22.54 2.14 51.28 -4.67 0
Pedestrian 0 0 -10 554.01 612.99 588.37 673.9 1.67 0.73 0.62 -10.22 0.9 56.8 -3.94 0
Car 0 0 -10 0 0 0 0 2.18 2.21 4.62 -0.15 2.79 -62.11 -1.51 0
Car 0 0 -10 0 0 0 0 1.71 2.14 5.04 -43.86 3.56 -32.92 -0.44 0
Car 0 0 -10 804.18 255.96 992.23 334.98 1.94 1.94 4.73 -55.84 3.57 -1.55 -1.98 3
Car 0 0 -10 0 0 0 0 1.71 1.82 4.26 -30.17 3.29 -66.47 -4.67 0
Car 0 0 -10 0 0 0 0 1.76 1.78 4.32 -44.9 3.85 -58.64 -0.48 0
Car 0 0 -10 1092.18 644.51 1175.31 707.03 1.56 2.08 4.8 5.26 1.69 56.17 -1.52 0
Car 0 0 -10 0 0 0 0 1.56 2.02 4.78 -29.35 3.08 -45.94 -4.68 0
Car 0 0 -10 942.8 256.3 1389.95 426.59 1.73 1.96 4.88 -23.12 2.42 2.09 -4.69 3
Car 0 0 -10 1341.39 547.42 1598.55 651.12 1.63 2.14 4.27 30.75 0.16 18.45 -3.1 2
Car 0 0 -10 0.0 646.67 101.53 750.86 1.87 2.11 4.65 -41.98 2.53 15.36 0.02 1
Car 0 0 -10 0.0 354.9 493.03 721.46 1.49 2.09 4.57 -10.54 2.39 -5.35 -1.51 3
Car 0 0 -10 1203.57 593.91 1479.81 751.66 2.91 2.45 5.99 -23.23 2.22 34.71 -4.69 1
Pedestrian 0 0 -10 723.56 648.85 759.83 714.84 1.74 0.82 0.6 -42.95 2.43 35.35 0.35 1
Car 0 0 -10 40.55 675.86 262.35 783.98 1.57 2.09 4.45 -34.24 2.64 14.89 0.02 1
Car 0 0 -10 961.94 602.34 1289.72 719.35 1.54 2.02 4.58 22.63 0.97 19.06 -3.1 2
Pedestrian 0 0 -10 1260.27 631.82 1301.35 707.17 1.74 0.9 0.83 8.0 1.52 48.23 -3.12 0
Pedestrian 0 0 -10 896.14 638.54 933.89 729.61 1.91 0.67 0.48 -31.42 2.2 30.6 -0.05 1
Car 0 0 -10 0 0 0 0 1.83 2.36 4.84 -7.93 2.4 -10.28 -1.51 0
Car 0 0 -10 0 0 0 0 1.67 1.87 4.33 -1.96 2.55 -35.83 -1.54 0
Car 0 0 -10 18.35 262.8 158.03 366.15 1.87 2.23 5.04 -43.05 3.36 -18.45 -0.5 3
Pedestrian 0 0 -10 563.32 628.14 598.19 667.33 1.1 0.72 0.78 -10.21 0.74 58.31 0.14 0
Pedestrian 0 0 -10 579.49 608.71 603.19 664.66 1.65 0.65 0.62 -10.36 0.7 60.97 -0.06 0
Car 0 0 -10 0 0 0 0 2.14 2.1 5.11 -28.26 2.82 -17.94 -4.68 0
Car 0 0 -10 0 0 0 0 1.57 2.15 4.93 -11.73 2.57 -21.04 -1.54 0
