Car 0 0 -10 109.81 663.71 324.11 768.1 1.63 2.13 4.6 -12.72 2.08 36.32 -1.55 0
Car 0 0 -10 293.82 669.86 654.66 822.61 1.88 2.06 4.73 -25.64 2.63 16.11 -4.7 1
Car 0 0 -10 290.15 290.06 434.07 378.67 1.63 1.85 4.31 -44.74 3.74 -12.92 -0.56 3
Car 0 0 -10 604.83 645.4 720.04 731.55 1.7 1.86 3.95 -5.87 1.82 43.97 -1.56 0
Car 0 0 -10 463.65 650.88 589.22 728.98 1.61 1.96 4.53 -9.37 1.88 46.95 -1.58 0
Car 0 0 -10 606.81 673.18 801.12 743.76 1.85 2.09 5.03 -45.04 3.24 35.89 -0.68 1
Car 0 0 -10 201.57 647.37 300.49 702.24 1.69 1.98 4.38 -22.86 1.92 68.28 1.53 0
Car 0 0 -10 0 0 0 0 1.4 1.73 3.99 -4.84 2.91 -59.83 -1.54 0
Car 0 0 -10 332.89 667.16 735.85 985.81 1.81 1.95 4.13 -2.66 2.05 14.41 -1.55 0
Car 0 0 -10 0 0 0 0 2.17 2.28 5.34 -26.72 3.11 -57.84 -4.71 0
Car 0 0 -10 1299.21 659.97 1435.5 705.78 1.44 1.84 4.3 -39.65 2.51 60.74 -0.03 1
Car 0 0 -10 0.57 657.95 137.76 718.63 1.59 2.02 4.78 -25.17 2.11 59.19 -4.71 0
Car 0 0 -10 0 0 0 0 1.56 2.09 4.44 -3.32 2.43 -17.0 -1.55 0
Car 0 0 -10 1061.9 652.59 1215.86 707.93 1.8 2.29 5.42 -46.94 2.72 57.18 0.07 1
Car 0 0 -10 1206.38 653.64 1347.48 707.07 1.65 1.95 4.4 -40.79 2.5 57.0 0.01 1
Car 0 0 -10 739.94 637.2 871.39 738.65 1.83 2.21 5.71 -2.6 1.79 41.42 -1.57 0
Car 0 0 -10 1445.57 277.2 1653.45 374.44 1.84 1.9 4.29 -44.64 3.54 12.94 -0.5 3
Car 0 0 -10 1139.46 665.09 1348.39 754.21 1.62 2.08 4.46 -25.61 2.42 34.63 1.56 1
Car 0 0 -10 0.0 296.31 307.03 416.6 1.54 1.88 4.51 -29.17 3.02 -11.92 -4.7 3
Car 0 0 -10 0 0 0 0 2.03 2.09 5.0 -7.24 2.49 -14.5 -1.55 0
Car 0 0 -10 1288.71 282.1 1612.77 407.22 1.61 1.79 4.21 -29.16 2.8 6.91 -4.71 3
Car 0 0 -10 0 0 0 0 1.53 2.04 4.67 0.06 2.42 -19.05 -1.56 0
Car 0 0 -10 1234.18 686.64 1612.37 851.38 1.52 2.24 4.59 -12.74 2.25 20.68 -1.58 1
Car 0 0 -10 664.81 246.84 1245.98 457.77 2.07 2.56 6.11 -22.69 2.65 -0.18 -4.71 3
Car 0 0 -10 0 0 0 0 1.58 2.18 4.83 -9.09 3.11 -61.22 -1.53 0
Car 0 0 -10 1474.47 678.74 1648.64 757.19 1.48 1.94 4.1 -21.92 2.56 41.21 -4.71 1
Car 0 0 -10 0.0 687.12 272.89 858.2 1.55 2.22 4.78 -9.35 2.15 22.75 -1.56 0
Car 0 0 -10 0.0 829.15 53.86 1280.0 1.56 2.04 4.97 -6.84 2.34 -0.69 -1.55 1
Car 0 0 -10 0 0 0 0 2.18 2.21 4.62 -1.14 2.86 -57.37 -1.51 0
Car 0 0 -10 215.86 665.56 418.81 784.03 1.64 1.94 4.0 -9.66 2.07 32.1 -1.56 0
Car 0 0 -10 0.0 696.8 96.16 789.7 1.71 2.14 5.04 -44.67 3.46 15.68 -0.48 1
Car 0 0 -10 1108.91 660.13 1283.75 742.31 1.71 1.82 4.26 -29.41 2.49 37.93 1.56 1
Car 0 0 -10 0 0 0 0 3.45 3.22 12.63 -36.36 3.71 -45.7 -4.69 0
Car 0 0 -10 948.19 637.42 997.46 682.01 1.46 1.66 3.25 1.16 1.36 71.14 -1.56 0
Car 0 0 -10 907.74 646.31 1010.4 726.99 1.56 2.08 4.8 0.42 1.71 44.24 -1.57 0
Car 0 0 -10 652.09 666.39 988.09 817.18 1.88 2.21 4.59 -22.33 2.54 19.85 -4.7 1
Car 0 0 -10 1515.32 655.04 1654.58 713.07 1.56 2.02 4.78 -29.53 2.28 57.0 1.57 1
Car 0 0 -10 0 0 0 0 1.98 1.96 4.92 -26.0 3.16 -30.52 -4.71 0
Car 0 0 -10 285.62 658.28 445.89 736.12 1.49 2.09 4.57 -12.3 1.91 44.31 -1.55 0
Car 0 0 -10 1270.95 284.84 1554.99 384.96 1.52 1.85 4.39 -34.85 2.99 7.7 1.51 3
Car 0 0 -10 1416.33 654.12 1561.98 703.53 1.57 2.09 4.45 -36.71 2.39 63.81 -0.01 1
Pedestrian 0 0 -10 0 0 0 0 1.74 0.77 1.16 -39.86 4.13 -60.19 -1.48 0
Car 0 0 -10 342.51 641.71 532.91 747.14 1.83 2.36 4.84 -9.53 1.88 39.44 -1.55 0
Car 0 0 -10 0 0 0 0 1.67 1.87 4.33 -4.06 2.66 -38.25 -1.54 0
Car 0 0 -10 437.61 675.47 656.83 754.93 1.87 2.23 5.04 -44.32 3.26 30.18 -0.54 1
Car 0 0 -10 0 0 0 0 1.79 1.95 4.68 -29.98 3.0 -57.22 -4.71 0
Car 0 0 -10 0.0 675.81 161.39 808.62 1.57 2.15 4.93 -12.94 2.13 28.62 -1.57 0
