Car 0 0 -10 0.0 861.55 1735.4 1280.0 1.51 1.94 4.79 -2.72 2.11 1.13 -1.54 1
Car 0 0 -10 0.0 685.07 263.07 796.53 1.49 1.87 4.61 -12.94 2.13 30.1 0.06 0
Car 0 0 -10 0 0 0 0 1.63 2.14 4.48 4.84 2.2 -31.6 -1.58 0
Car 0 0 -10 0 0 0 0 1.49 1.71 3.69 -21.06 2.63 -35.24 1.54 0
Pedestrian 0 0 -10 1207.74 666.58 1241.11 717.24 1.65 0.98 1.13 8.68 2.4 68.56 -4.68 0
Car 0 0 -10 128.03 187.1 449.02 316.01 2.55 2.81 5.79 -42.94 2.38 -13.53 1.56 3
Car 0 0 -10 0 0 0 0 1.7 1.85 4.42 4.93 2.3 -14.93 -1.5 0
Car 0 0 -10 0 0 0 0 1.75 1.82 4.17 -42.39 3.33 -38.96 -3.11 0
Car 0 0 -10 1635.35 567.99 1808.07 644.6 1.74 2.02 4.58 47.3 0.62 22.03 0.05 2
Car 0 0 -10 0 0 0 0 1.7 1.6 4.13 -21.43 3.1 -67.13 1.54 0
Pedestrian 0 0 -10 105.92 688.47 162.47 751.33 1.74 1.11 1.16 -23.82 3.02 58.59 0.1 0
Car 0 0 -10 0 0 0 0 1.37 1.69 4.72 -21.08 2.83 -50.94 1.56 0
Car 0 0 -10 1353.84 592.84 1539.07 662.44 1.5 1.96 4.34 40.47 0.93 25.32 0.05 2
Pedestrian 0 0 -10 1560.52 585.54 1717.96 789.87 1.81 0.95 1.23 17.81 1.52 9.06 -3.17 2
Car 0 0 -10 774.58 618.42 915.2 665.33 1.5 2.0 4.27 44.91 1.34 51.0 -3.01 2
Car 0 0 -10 184.92 625.19 547.04 838.05 2.46 2.3 5.69 -25.08 2.55 13.66 0.04 1
Car 0 0 -10 1202.09 417.32 1554.83 684.22 4.29 1.46 5.54 6.83 0.63 34.12 -3.25 0
Car 0 0 -10 853.82 689.71 1021.5 755.54 1.58 2.05 4.67 -41.66 3.4 40.74 -3.13 1
Car 0 0 -10 8.69 263.8 599.64 469.49 1.88 2.04 5.31 -20.79 2.6 -6.36 -4.68 3
Car 0 0 -10 652.93 640.88 753.85 739.47 2.93 2.32 5.9 -8.25 2.85 65.34 -4.68 0
Pedestrian 0 0 -10 1517.67 598.86 1605.67 715.52 1.92 1.03 1.21 10.0 1.16 34.41 -3.08 0
Car 0 0 -10 0.0 271.85 194.32 383.4 1.45 1.83 3.99 -29.43 2.59 -13.04 -1.61 3
Car 0 0 -10 173.17 647.53 692.18 834.14 1.95 2.36 5.28 -5.9 2.01 23.25 0.02 0
Car 0 0 -10 497.16 685.35 572.28 728.49 1.34 1.82 3.85 -14.97 2.83 71.64 -4.71 0
Car 0 0 -10 0 0 0 0 1.75 2.14 4.67 4.8 2.29 -9.25 -1.61 0
Car 0 0 -10 0 0 0 0 1.41 1.91 4.42 4.31 2.61 -36.59 -1.49 0
Car 0 0 -10 0 0 0 0 2.16 2.71 5.2 -31.15 2.16 -49.19 -4.48 0
Car 0 0 -10 47.0 259.52 318.73 356.72 1.5 1.92 3.94 -34.86 2.62 -12.82 -1.61 3
Car 0 0 -10 317.77 554.24 627.62 736.16 3.17 2.47 5.09 20.45 1.9 33.63 -3.12 2
Car 0 0 -10 0 0 0 0 1.3 1.82 4.17 -47.52 3.23 -47.1 -0.0 0
Car 0 0 -10 0 0 0 0 1.33 1.75 3.97 4.81 2.4 -26.49 -1.58 0
Car 0 0 -10 542.25 683.96 626.79 737.81 1.51 1.91 4.09 -11.92 2.82 64.56 -4.71 0
Car 0 0 -10 601.57 683.09 668.48 727.18 1.39 1.7 3.62 -11.51 2.8 71.84 -4.69 0
Car 0 0 -10 0 0 0 0 1.25 1.84 3.76 -47.98 3.44 -33.05 -0.0 0
Car 0 0 -10 1308.0 635.26 1745.28 767.07 2.05 2.48 6.55 9.14 1.92 33.85 -3.12 0
Car 0 0 -10 1082.84 688.0 1218.73 742.69 1.65 1.87 4.48 -45.92 3.69 55.33 -3.17 1
Car 0 0 -10 0 0 0 0 1.4 1.67 4.11 4.46 2.71 -51.6 -1.55 0
Car 0 0 -10 0 0 0 0 1.4 1.67 4.11 4.28 2.67 -56.67 -1.55 0
Pedestrian 0 0 -10 949.09 712.96 1200.6 1023.05 1.6 1.1 0.91 -7.95 2.1 8.78 -3.07 1
Car 0 0 -10 0 0 0 0 1.57 1.81 4.19 4.31 2.47 -44.3 -1.55 0
Car 0 0 -10 1561.15 627.68 1920.0 795.82 2.05 2.04 4.66 10.21 1.85 26.1 0.02 0
Car 0 0 -10 0 0 0 0 1.74 1.79 4.33 -21.28 2.95 -45.26 -4.71 0
Car 0 0 -10 0.0 693.78 221.05 822.49 1.52 2.03 4.28 -12.25 2.22 26.8 0.03 0
Car 0 0 -10 0 0 0 0 1.5 1.76 4.14 4.59 2.39 -20.83 -1.56 0
Car 0 0 -10 0.0 305.69 6.55 463.45 1.42 1.89 4.55 -20.77 2.61 -12.23 -4.68 3
Car 0 0 -10 913.26 596.65 1132.81 686.34 1.75 2.01 4.38 30.58 1.25 29.09 0.03 2
Car 0 0 -10 1556.45 588.52 1681.95 635.63 1.29 1.68 3.91 54.17 0.48 28.3 0.05 2
Car 0 0 -10 488.34 170.39 625.27 240.31 1.84 2.5 5.0 56.89 0.45 11.69 0.07 4
Car 0 0 -10 0 0 0 0 1.43 1.6 4.13 -21.51 3.08 -61.91 1.54 0
Car 0 0 -10 0 0 0 0 1.2 1.61 3.96 -21.34 2.9 -56.32 1.54 0
Car 0 0 -10 1217.08 692.21 1355.1 748.22 1.59 1.83 4.18 -40.25 3.6 55.43 -3.13 1
Car 0 0 -10 0 0 0 0 1.6 2.13 4.27 -29.42 2.7 -61.81 -3.13 0
Car 0 0 -10 0 0 0 0 1.78 1.91 3.94 -29.08 2.82 -37.03 -3.06 0
Pedestrian 0 0 -10 1290.23 646.97 1402.09 768.3 1.83 1.19 1.24 5.97 1.88 32.16 -2.31 0
Pedestrian 0 0 -10 1766.62 637.08 1850.78 746.45 1.74 1.11 0.93 13.72 1.63 33.25 -3.13 0
Car 0 0 -10 764.87 619.98 1074.92 729.48 1.56 1.85 4.74 21.81 1.52 22.87 0.04 2
Car 0 0 -10 0 0 0 0 1.2 1.76 3.79 -42.23 2.91 -50.22 -2.99 0
Pedestrian 0 0 -10 0 0 0 0 1.68 0.96 1.02 -24.49 2.38 -47.13 -1.53 0
Car 0 0 -10 645.33 686.43 860.51 772.95 1.5 2.05 4.55 -33.3 2.84 27.14 0.03 1
Car 0 0 -10 1648.98 354.62 1920.0 886.0 1.83 2.07 4.58 4.87 2.25 -4.3 -1.61 4
Pedestrian 0 0 -10 1345.16 722.67 1642.05 1105.45 1.62 0.95 1.02 -5.22 2.07 8.7 -3.16 1
Car 0 0 -10 0 0 0 0 1.42 1.79 4.33 -21.14 2.79 -39.96 -4.71 0
Car 0 0 -10 1122.1 687.7 1184.89 737.71 1.36 1.7 3.62 5.75 2.74 62.7 -1.53 0
Car 0 0 -10 0 0 0 0 1.59 1.98 4.84 -29.05 2.68 -32.14 -3.06 0
Car 0 0 -10 0 0 0 0 1.31 1.76 3.79 -43.01 3.33 -44.14 -3.19 0
Car 0 0 -10 0 0 0 0 1.49 1.79 4.44 -20.87 2.79 -30.93 -4.65 0
Car 0 0 -10 0 0 0 0 1.27 1.62 3.92 4.18 2.65 -66.27 -1.55 0
Car 0 0 -10 0 0 0 0 2.34 2.71 5.2 -49.24 2.8 -28.44 -3.81 0
Car 0 0 -10 0 0 0 0 1.75 1.9 4.33 -42.43 3.34 -36.06 -3.11 0
Car 0 0 -10 0 0 0 0 1.4 1.82 4.17 -47.62 3.35 -35.89 -0.0 0
