Car 0 0 -10 0.0 861.52 1735.32 1280.0 1.51 1.94 4.79 -2.72 2.11 1.13 -1.54 1
Car 0 0 -10 0 0 0 0 1.63 2.14 4.48 4.84 2.22 -31.6 -1.58 0
Car 0 0 -10 0 0 0 0 1.49 1.71 3.69 -21.02 2.65 -35.23 1.54 0
Pedestrian 0 0 -10 989.68 677.56 1031.24 737.1 1.65 0.98 1.13 1.3 2.61 58.34 -3.16 0
Car 0 0 -10 127.91 187.44 448.94 316.37 2.55 2.81 5.79 -42.94 2.39 -13.53 1.56 3
Car 0 0 -10 0 0 0 0 1.7 1.85 4.42 4.93 2.34 -14.93 -1.5 0
Car 0 0 -10 0 0 0 0 1.75 1.82 4.17 -42.39 3.35 -38.96 -3.11 0
Car 0 0 -10 0 0 0 0 1.7 1.6 4.13 -21.43 3.1 -67.12 1.54 0
Pedestrian 0 0 -10 744.85 676.13 795.26 740.33 1.74 1.11 1.16 -5.44 2.64 57.42 0.16 0
Car 0 0 -10 0 0 0 0 1.37 1.69 4.72 -21.08 2.85 -50.94 1.56 0
Car 0 0 -10 0 0 0 0 1.65 1.93 4.04 -40.47 2.9 -22.88 -0.02 0
Pedestrian 0 0 -10 121.36 683.79 459.46 1121.87 1.81 0.95 1.23 -2.94 2.0 9.05 -3.19 0
Car 0 0 -10 774.87 617.55 915.4 664.46 1.5 2.0 4.27 44.91 1.31 50.98 -3.02 2
Car 0 0 -10 0.0 601.0 213.34 975.57 2.46 2.3 5.69 -16.62 2.35 4.39 1.43 1
Car 0 0 -10 1195.91 403.77 1537.91 680.54 4.29 1.46 5.54 6.59 0.55 33.54 -3.51 0
Car 0 0 -10 8.59 264.11 599.62 469.86 1.88 2.04 5.31 -20.79 2.61 -6.36 -4.68 3
Car 0 0 -10 652.96 641.38 753.87 740.01 2.93 2.32 5.9 -8.25 2.87 65.34 -4.68 0
Pedestrian 0 0 -10 1536.59 596.87 1611.52 715.29 1.92 1.03 1.21 10.08 1.14 34.0 -4.55 0
Car 0 0 -10 0.0 272.69 194.24 384.31 1.45 1.83 3.99 -29.43 2.61 -13.04 -1.61 3
Car 0 0 -10 497.21 685.18 572.32 728.32 1.34 1.82 3.85 -14.97 2.82 71.64 -4.71 0
Car 0 0 -10 0 0 0 0 1.75 2.14 4.67 4.8 2.26 -9.25 -1.61 0
Car 0 0 -10 0 0 0 0 1.41 1.91 4.42 4.31 2.6 -36.59 -1.49 0
Car 0 0 -10 0 0 0 0 2.16 2.71 5.2 -31.15 2.19 -49.19 -4.48 0
Car 0 0 -10 46.89 259.88 318.66 357.14 1.5 1.92 3.94 -34.86 2.63 -12.82 -1.61 3
Car 0 0 -10 317.56 553.19 627.41 735.11 3.17 2.47 5.09 20.45 1.88 33.63 -3.12 2
Car 0 0 -10 0 0 0 0 1.3 1.82 4.17 -47.52 3.24 -47.09 -0.0 0
Car 0 0 -10 0 0 0 0 1.63 2.06 4.43 -0.54 2.56 -32.25 -1.56 0
Car 0 0 -10 0 0 0 0 1.33 1.75 3.97 4.81 2.4 -26.49 -1.58 0
Car 0 0 -10 542.31 684.68 626.83 738.58 1.51 1.91 4.09 -11.92 2.84 64.56 -4.71 0
Car 0 0 -10 315.17 692.39 420.47 739.9 1.38 2.24 4.59 -20.04 3.08 69.05 -4.71 0
Car 0 0 -10 601.6 682.14 668.51 726.19 1.39 1.7 3.62 -11.51 2.76 71.84 -4.69 0
Car 0 0 -10 0 0 0 0 1.25 1.84 3.76 -47.99 3.41 -33.03 -0.0 0
Car 0 0 -10 1307.96 634.3 1745.19 766.04 2.05 2.48 6.55 9.14 1.9 33.85 -3.12 0
Car 0 0 -10 448.68 691.53 538.39 744.26 1.47 1.91 4.11 -14.87 3.03 64.97 -4.71 0
Pedestrian 0 0 -10 1843.78 565.87 1888.04 635.97 2.12 1.0 1.0 27.54 -0.27 62.33 0.09 0
Car 0 0 -10 1082.66 688.11 1218.54 742.82 1.65 1.87 4.48 -45.92 3.69 55.33 -3.17 1
Car 0 0 -10 0 0 0 0 1.4 1.67 4.11 4.46 2.71 -51.6 -1.55 0
Car 0 0 -10 0 0 0 0 1.88 1.99 4.41 -0.23 2.4 -20.35 -1.56 0
Car 0 0 -10 0 0 0 0 2.02 2.06 4.43 -3.5 2.5 -32.23 -1.54 0
Car 0 0 -10 0 0 0 0 1.4 1.67 4.11 4.28 2.7 -56.66 -1.55 0
Car 0 0 -10 0 0 0 0 1.57 1.81 4.19 4.31 2.49 -44.3 -1.55 0
Car 0 0 -10 956.84 614.85 1093.6 658.26 1.5 2.06 4.66 53.08 1.24 50.52 -3.03 2
Car 0 0 -10 0 0 0 0 1.74 1.79 4.33 -21.28 2.95 -45.25 -4.71 0
Car 0 0 -10 636.85 606.31 1006.27 736.98 1.77 2.06 5.39 19.92 1.53 22.94 0.02 2
Car 0 0 -10 862.66 611.65 1096.75 690.33 1.47 1.93 4.6 28.83 1.26 28.59 0.02 2
Car 0 0 -10 0 0 0 0 1.5 1.76 4.14 4.6 2.4 -20.83 -1.56 0
Car 0 0 -10 0.0 306.28 6.46 464.12 1.42 1.89 4.55 -20.77 2.62 -12.23 -4.68 3
Car 0 0 -10 488.21 170.16 625.12 240.07 1.84 2.5 5.0 56.89 0.45 11.69 0.07 4
Car 0 0 -10 0 0 0 0 1.43 1.6 4.13 -21.51 3.08 -61.91 1.54 0
Car 0 0 -10 0 0 0 0 1.2 1.61 3.96 -21.34 2.93 -56.32 1.54 0
Car 0 0 -10 1216.91 691.56 1354.93 747.53 1.59 1.83 4.18 -40.25 3.57 55.43 -3.13 1
Car 0 0 -10 1750.35 551.22 1920.0 633.83 2.06 2.42 5.39 54.23 0.42 21.97 0.05 2
Car 0 0 -10 0 0 0 0 1.6 2.13 4.27 -29.42 2.74 -61.81 -3.13 0
Car 0 0 -10 0 0 0 0 1.78 1.91 3.94 -29.08 2.84 -37.03 -3.06 0
Pedestrian 0 0 -10 1295.82 649.39 1395.51 759.71 1.83 1.19 1.24 6.56 1.92 35.32 -3.95 0
Pedestrian 0 0 -10 1571.7 637.39 1661.5 750.11 1.74 1.11 0.93 10.26 1.63 32.33 -1.57 0
Car 0 0 -10 0 0 0 0 1.2 1.76 3.79 -42.23 2.94 -50.21 -2.99 0
Pedestrian 0 0 -10 0 0 0 0 1.68 0.96 1.02 -24.27 2.55 -28.0 -1.48 0
Car 0 0 -10 1648.75 346.42 1920.0 886.0 1.83 2.07 4.58 4.87 2.23 -4.3 -1.61 4
Car 0 0 -10 0 0 0 0 1.42 1.79 4.33 -21.14 2.81 -39.96 -4.71 0
Car 0 0 -10 1122.08 686.74 1184.86 736.7 1.36 1.7 3.62 5.75 2.71 62.7 -1.53 0
Car 0 0 -10 0 0 0 0 1.59 1.98 4.84 -29.05 2.7 -32.14 -3.06 0
Car 0 0 -10 0 0 0 0 1.31 1.76 3.79 -43.01 3.35 -44.14 -3.19 0
Car 0 0 -10 0.0 654.98 364.43 843.53 1.99 2.28 5.36 -9.9 2.14 23.5 0.02 0
Car 0 0 -10 0 0 0 0 1.49 1.79 4.44 -20.87 2.78 -30.93 -4.65 0
Car 0 0 -10 0 0 0 0 1.27 1.62 3.92 4.18 2.68 -66.27 -1.55 0
Pedestrian 0 0 -10 0 0 0 0 1.85 0.69 0.66 -29.22 2.84 -33.65 -4.46 0
Car 0 0 -10 0 0 0 0 2.34 2.71 5.2 -49.24 2.81 -28.44 -3.81 0
Car 0 0 -10 0 0 0 0 1.75 1.9 4.33 -42.43 3.33 -36.06 -3.11 0
Cyclist 0 0 -10 447.92 675.84 488.53 725.54 1.7 1.0 1.75 -17.69 2.84 73.13 -4.69 0
Car 0 0 -10 0 0 0 0 1.4 1.82 4.17 -47.62 3.37 -35.89 -0.0 0
