Pedestrian 0 0 -10 779.7 612.34 833.99 718.21 1.89 0.87 1.04 -28.28 1.82 24.82 -2.31 1
Pedestrian 0 0 -10 1045.22 251.26 1155.48 407.74 1.64 0.78 0.94 -22.67 2.29 1.54 1.09 3
Pedestrian 0 0 -10 90.27 662.03 242.1 865.02 1.82 0.86 1.09 -19.14 2.37 8.58 -1.65 1
Pedestrian 0 0 -10 479.3 219.92 581.9 366.18 1.8 1.0 1.0 25.98 1.51 5.33 0.08 4
Car 0 0 -10 0 0 0 0 1.52 2.25 4.97 -12.62 3.35 -35.86 1.55 0
Pedestrian 0 0 -10 0 0 0 0 1.66 0.74 0.7 -23.09 3.24 -34.43 -4.55 0
Car 0 0 -10 1123.59 618.94 1259.25 708.39 1.59 0.95 2.39 4.55 1.18 37.29 -3.08 0
Car 0 0 -10 1131.77 626.22 1231.65 696.02 1.39 0.86 1.95 4.92 1.08 41.81 -3.11 0
Car 0 0 -10 1318.73 230.05 1405.99 283.67 1.69 2.14 4.27 -69.82 2.86 14.0 0.0 3
Car 0 0 -10 1516.3 241.34 1685.15 332.33 1.7 2.2 4.62 -42.98 2.62 13.51 0.02 3
Pedestrian 0 0 -10 1158.74 233.49 1225.67 381.73 1.84 0.83 0.76 -26.25 2.34 3.0 0.14 3
Car 0 0 -10 0 0 0 0 2.06 2.06 4.9 3.7 2.41 -12.6 -1.56 0
Car 0 0 -10 1209.94 660.37 1404.63 788.27 1.45 0.99 2.1 4.35 1.68 24.42 -3.19 0
Pedestrian 0 0 -10 0 0 0 0 1.68 0.95 0.96 -20.15 3.06 -27.91 1.5 0
Car 0 0 -10 0 0 0 0 1.53 1.98 4.5 -16.79 4.17 -57.07 -4.7 0
Pedestrian 0 0 -10 0 0 0 0 1.74 0.85 0.91 -19.89 2.76 -13.86 1.47 0
Pedestrian 0 0 -10 0 0 0 0 1.8 0.91 0.99 -21.61 3.09 -28.13 -1.64 0
Pedestrian 0 0 -10 1012.66 246.29 1135.11 429.82 1.8 1.0 1.0 -21.26 2.36 1.15 -1.83 3
Car 0 0 -10 1086.06 170.12 1197.31 288.57 3.98 3.01 12.77 -76.02 3.2 6.96 0.0 3
Car 0 0 -10 1117.07 621.34 1216.86 693.9 1.49 0.84 1.98 4.74 1.07 42.86 -3.15 0
Pedestrian 0 0 -10 1467.77 593.22 1530.19 701.72 1.78 0.88 1.0 9.39 0.96 34.47 -1.17 0
Pedestrian 0 0 -10 183.85 227.5 338.54 552.76 1.84 0.75 0.64 12.1 1.72 4.01 -1.59 4
Pedestrian 0 0 -10 1131.13 251.73 1239.97 404.82 1.61 0.89 0.81 -22.72 2.25 2.49 0.72 3
Car 0 0 -10 998.86 596.68 1147.71 732.59 2.03 2.22 5.59 2.2 1.31 33.61 -1.51 0
Car 0 0 -10 0 0 0 0 1.4 2.09 4.57 2.58 4.27 -75.99 -1.55 0
Pedestrian 0 0 -10 731.05 220.55 840.79 389.65 1.9 0.96 0.92 -24.05 2.26 -2.03 -4.3 3
Pedestrian 0 0 -10 0 0 0 0 1.98 0.85 0.74 -20.66 4.25 -65.7 -4.67 0
Car 0 0 -10 606.66 595.07 823.38 765.33 1.95 2.16 4.88 -2.71 1.39 26.07 -1.57 0
Pedestrian 0 0 -10 0 0 0 0 1.6 0.76 0.9 -18.85 2.85 -17.54 -1.52 0
Car 0 0 -10 1080.44 618.46 1176.36 677.29 1.48 1.01 2.39 4.83 0.9 52.63 -3.11 0
Pedestrian 0 0 -10 0 0 0 0 1.79 0.81 0.97 -20.89 3.06 -28.36 -1.64 0
Pedestrian 0 0 -10 1142.44 609.67 1235.95 742.52 1.95 0.92 1.08 -19.32 1.76 24.6 -4.66 1
Pedestrian 0 0 -10 1818.05 639.64 1920.0 925.8 1.83 0.96 1.16 6.67 1.81 13.86 1.55 0
Car 0 0 -10 1200.49 664.75 1376.11 777.39 1.34 0.93 2.0 4.33 1.64 25.61 -3.18 0
Pedestrian 0 0 -10 1123.39 594.07 1158.11 649.54 1.6 0.77 0.74 46.44 -0.07 38.79 -1.82 2
Car 0 0 -10 1437.38 250.47 1561.6 317.22 1.45 1.85 4.32 -50.34 2.78 13.4 -0.02 3
Car 0 0 -10 0 0 0 0 1.72 2.01 4.72 -16.47 3.9 -50.2 1.57 0
Pedestrian 0 0 -10 110.52 686.69 515.07 1280.0 1.79 0.83 0.92 -5.81 2.05 2.93 -0.05 1
Car 0 0 -10 1344.27 235.84 1457.8 296.03 1.65 2.14 5.07 -62.44 2.87 13.66 -0.05 3
Pedestrian 0 0 -10 1637.32 606.87 1759.08 765.65 1.77 0.98 1.09 8.68 1.36 23.55 1.52 0
Car 0 0 -10 1769.35 839.89 1920.0 1280.0 1.48 2.02 4.7 3.07 2.07 3.06 -1.51 0
Car 0 0 -10 1388.99 243.53 1505.24 304.81 1.51 2.18 4.64 -56.49 2.82 13.61 0.02 3
Pedestrian 0 0 -10 0 0 0 0 1.5 0.9 0.96 -23.78 3.1 -30.99 -4.28 0
Car 0 0 -10 0.0 678.83 1892.13 1280.0 1.87 2.11 4.6 -3.04 2.08 2.9 -1.56 1
Car 0 0 -10 0 0 0 0 1.77 2.09 4.45 3.12 3.64 -54.89 -1.49 0
Car 0 0 -10 0 0 0 0 1.86 2.14 4.64 2.8 3.95 -68.69 -1.58 0
Pedestrian 0 0 -10 0 0 0 0 1.76 0.84 0.77 -21.99 3.28 -34.53 -4.69 0
Pedestrian 0 0 -10 718.0 586.02 764.83 652.14 1.76 0.94 0.98 35.25 -0.09 43.35 1.04 2
Car 0 0 -10 0 0 0 0 1.4 1.94 4.36 -17.08 4.5 -70.79 1.54 0
Car 0 0 -10 0 0 0 0 1.83 2.18 4.8 2.82 3.83 -61.56 -1.54 0
Pedestrian 0 0 -10 0 0 0 0 1.63 0.95 0.96 -21.56 2.9 -22.02 -4.42 0
Car 0 0 -10 24.38 664.94 261.38 790.51 1.61 2.08 4.2 -30.51 2.56 13.35 0.06 1
Car 0 0 -10 0 0 0 0 1.86 2.29 5.57 3.66 2.28 -6.53 -1.58 0
Pedestrian 0 0 -10 0 0 0 0 2.01 1.0 1.13 6.88 2.95 -40.93 -1.51 0
Car 0 0 -10 1141.91 146.95 1351.25 333.31 3.77 3.48 13.18 -48.49 2.82 6.64 0.03 3
Car 0 0 -10 204.99 659.3 536.05 832.62 1.87 2.09 4.58 -23.81 2.57 13.35 -0.0 1
Car 0 0 -10 0 0 0 0 1.55 2.09 4.65 -0.1 2.79 -22.71 -1.56 0
Car 0 0 -10 855.38 601.27 911.76 646.88 1.52 1.79 4.02 -1.9 0.16 70.86 -1.57 0
Car 0 0 -10 0 0 0 0 3.62 3.2 13.38 -13.62 4.23 -71.1 -4.7 0
Pedestrian 0 0 -10 272.98 637.48 455.77 911.94 1.92 0.83 1.17 7.72 1.77 13.81 -4.71 2
Pedestrian 0 0 -10 0 0 0 0 1.6 0.8 0.86 -19.05 3.03 -28.65 1.55 0
Pedestrian 0 0 -10 80.48 260.28 205.3 430.92 1.67 0.82 0.97 -21.1 2.46 -8.39 1.53 3
Pedestrian 0 0 -10 0 0 0 0 1.8 0.83 0.75 -25.32 3.9 -63.25 -0.19 0
Car 0 0 -10 0 0 0 0 1.5 2.09 4.93 -10.98 2.76 -15.27 -4.57 0
Car 0 0 -10 1173.46 654.65 1329.65 759.92 1.37 0.84 1.96 4.19 1.55 27.7 -0.02 0
Car 0 0 -10 0.0 644.1 92.13 797.88 1.85 2.26 5.04 -30.13 2.47 10.36 0.04 1
Pedestrian 0 0 -10 0 0 0 0 1.77 0.77 0.97 -20.06 2.89 -20.87 1.44 0
Car 0 0 -10 1079.26 608.33 1159.86 670.13 1.72 0.93 2.13 5.09 0.79 58.08 -3.24 0
Pedestrian 0 0 -10 0 0 0 0 1.73 0.78 0.89 -20.78 2.76 -14.17 -1.69 0
Pedestrian 0 0 -10 0 0 0 0 1.7 0.93 1.09 -22.1 3.66 -50.5 1.52 0
Car 0 0 -10 0 0 0 0 1.51 2.17 4.86 -13.75 3.81 -49.31 -4.68 0
Pedestrian 0 0 -10 0 0 0 0 1.78 0.81 0.93 -20.51 2.7 -10.73 1.24 0
Pedestrian 0 0 -10 0 0 0 0 1.69 0.9 0.88 -22.0 3.37 -40.58 1.44 0
Pedestrian 0 0 -10 686.94 224.02 729.25 304.87 1.63 0.83 0.93 42.17 1.31 5.08 -3.29 4
Car 0 0 -10 0 0 0 0 3.14 2.83 7.88 3.37 2.85 -28.02 -1.61 0
Pedestrian 0 0 -10 0 0 0 0 1.68 1.02 1.08 -19.47 3.17 -30.75 1.5 0
Pedestrian 0 0 -10 0 0 0 0 1.64 0.95 0.96 -20.84 2.61 -12.05 1.2 0
Pedestrian 0 0 -10 1134.92 607.56 1192.67 703.63 1.78 1.01 0.99 4.22 1.14 38.63 -1.41 0
Pedestrian 0 0 -10 1632.73 619.56 1700.29 653.0 0.85 0.99 1.41 18.92 0.25 53.4 -3.19 0
Pedestrian 0 0 -10 741.78 618.77 790.6 705.13 1.68 0.84 0.98 -31.4 1.75 26.5 0.83 1
Pedestrian 0 0 -10 0 0 0 0 1.99 0.86 1.0 2.22 3.91 -64.97 -4.46 0
Pedestrian 0 0 -10 860.49 560.47 893.77 612.81 1.87 0.86 1.06 -54.27 -0.17 51.11 0.36 1
Car 0 0 -10 1449.92 277.8 1690.33 451.66 1.56 2.04 4.88 -23.19 2.54 6.78 0.17 3
Car 0 0 -10 0 0 0 0 2.01 1.95 4.73 -13.08 3.09 -24.45 1.54 0
Car 0 0 -10 0 0 0 0 1.94 2.09 4.46 -16.31 3.23 -26.9 -4.68 0
Car 0 0 -10 0 0 0 0 1.51 2.12 4.15 -26.64 3.1 -16.73 0.02 0
Car 0 0 -10 1162.68 627.73 1346.12 744.89 1.65 1.19 2.5 4.55 1.45 29.89 -3.12 0
Car 0 0 -10 0.0 673.44 315.44 840.14 1.54 2.2 4.96 -23.52 2.4 10.03 -0.02 1
Pedestrian 0 0 -10 1160.21 594.64 1188.36 650.87 1.64 0.77 0.74 47.47 -0.02 38.39 -0.75 2
Car 0 0 -10 0 0 0 0 2.24 2.1 4.6 -16.86 4.44 -64.83 -4.68 0
Car 0 0 -10 1121.98 629.17 1241.65 699.65 1.33 0.86 2.23 4.66 1.1 39.65 -3.1 0
Car 0 0 -10 0 0 0 0 1.86 2.13 4.75 3.67 2.62 -19.59 -1.58 0
