Pedestrian 0 0 -10 0 0 0 0 1.89 0.87 1.04 -35.21 3.67 -25.02 -2.04 0
Pedestrian 0 0 -10 1430.42 327.63 1546.18 508.9 1.65 0.78 0.91 -19.81 2.91 5.08 1.53 3
Pedestrian 0 0 -10 943.55 607.59 976.99 674.56 2.0 0.79 0.66 0.63 0.99 61.95 -4.26 0
Pedestrian 0 0 -10 1369.2 513.35 1429.9 623.88 2.1 0.86 0.73 34.37 -0.5 22.37 -3.11 2
Pedestrian 0 0 -10 0 0 0 0 1.64 0.78 0.94 -19.33 4.21 -70.56 1.41 0
Car 0 0 -10 1369.26 760.01 1908.53 1091.7 1.42 0.88 2.29 3.32 2.03 9.98 -3.24 0
Pedestrian 0 0 -10 0 0 0 0 1.82 0.86 1.09 -25.33 4.1 -40.87 -2.34 0
Car 0 0 -10 1144.54 680.15 1342.33 750.19 1.5 2.24 4.5 -31.21 3.01 42.04 -3.13 1
Pedestrian 0 0 -10 0 0 0 0 1.8 1.0 1.0 40.62 0.73 -55.46 -0.13 0
Car 0 0 -10 1304.12 669.97 1537.91 749.04 1.6 2.32 4.87 -26.2 2.7 42.22 -3.19 1
Car 0 0 -10 0 0 0 0 1.43 0.96 1.99 4.22 2.17 -6.94 -3.26 0
Car 0 0 -10 237.89 588.13 417.46 640.54 1.6 2.5 5.0 32.36 -0.6 60.5 -3.32 2
Car 0 0 -10 713.09 556.51 895.56 622.75 1.81 2.36 5.0 38.82 -0.91 44.89 -0.09 2
Car 0 0 -10 0 0 0 0 1.59 0.95 2.39 4.57 2.31 -23.42 -3.13 0
Pedestrian 0 0 -10 788.61 619.67 827.35 673.54 1.71 0.79 1.02 -4.22 1.02 66.07 -2.23 0
Car 0 0 -10 897.54 555.54 1049.8 612.81 1.7 2.15 4.66 46.03 -1.27 45.24 -0.05 2
Car 0 0 -10 0 0 0 0 1.39 0.86 1.95 4.69 2.25 -18.88 -3.17 0
Pedestrian 0 0 -10 892.49 622.99 927.79 667.92 1.5 0.98 0.86 -0.99 0.89 69.57 -4.45 0
Car 0 0 -10 0 0 0 0 1.7 2.2 4.62 -41.41 5.34 -49.71 -0.04 0
Pedestrian 0 0 -10 0 0 0 0 1.84 0.83 0.76 -15.67 3.94 -60.68 0.15 0
Car 0 0 -10 337.98 598.62 534.04 661.21 1.35 1.84 4.18 24.81 0.04 41.32 -0.23 2
Car 0 0 -10 0 0 0 0 2.06 2.06 4.9 6.43 3.04 -73.28 -1.62 0
Car 0 0 -10 0 0 0 0 1.45 0.99 2.1 5.08 2.67 -36.28 -3.24 0
Car 0 0 -10 1444.86 654.44 1655.49 734.83 1.82 2.24 4.81 -25.24 2.5 46.73 -3.52 1
Pedestrian 0 0 -10 773.38 564.45 822.5 630.57 1.7 0.87 0.93 35.13 -0.63 40.95 -3.29 2
Pedestrian 0 0 -10 0 0 0 0 1.58 0.83 0.79 -27.95 4.44 -60.81 -0.48 0
Pedestrian 0 0 -10 0 0 0 0 1.8 1.0 1.0 -41.65 5.28 -62.55 -3.68 0
Car 0 0 -10 131.51 608.41 1060.56 886.0 1.23 0.98 2.3 3.75 2.1 0.57 -3.21 4
Car 0 0 -10 0 0 0 0 1.49 0.84 1.98 4.45 2.25 -17.84 -3.2 0
Pedestrian 0 0 -10 0 0 0 0 1.78 0.88 1.0 8.84 1.88 -23.06 -0.98 0
Pedestrian 0 0 -10 0 0 0 0 1.84 0.75 0.64 13.9 2.17 -56.24 -1.65 0
Car 0 0 -10 0 0 0 0 1.73 2.28 4.75 -41.75 5.28 -52.9 -0.04 0
Car 0 0 -10 824.53 629.47 920.73 679.58 1.5 2.15 4.31 -2.2 1.15 66.3 -1.84 0
Pedestrian 0 0 -10 0 0 0 0 1.61 0.89 0.81 -18.48 4.15 -69.69 1.44 0
Car 0 0 -10 0 0 0 0 2.03 2.22 5.59 2.42 2.48 -27.21 -1.56 0
Pedestrian 0 0 -10 0 0 0 0 1.9 0.96 0.92 -21.45 4.06 -64.79 -3.96 0
Car 0 0 -10 550.05 618.1 726.19 760.26 1.95 2.16 4.88 -4.46 1.62 31.25 -1.62 0
Pedestrian 0 0 -10 0 0 0 0 1.6 0.76 0.9 -16.36 4.08 -71.14 -1.65 0
Car 0 0 -10 0 0 0 0 1.48 1.01 2.39 4.02 2.19 -8.08 -3.16 0
Pedestrian 0 0 -10 0 0 0 0 1.95 0.92 1.08 -15.74 4.01 -53.09 -4.67 0
Pedestrian 0 0 -10 745.76 565.61 795.66 632.0 1.72 0.9 0.94 34.91 -0.6 41.78 -3.32 2
Pedestrian 0 0 -10 0 0 0 0 1.83 0.96 1.16 9.29 2.52 -63.05 1.49 0
Car 0 0 -10 0 0 0 0 1.34 0.93 2.0 4.99 2.64 -35.1 -3.24 0
Pedestrian 0 0 -10 1813.8 124.76 1854.66 196.9 1.6 0.77 0.74 46.35 -0.59 -19.57 0.53 4
Car 0 0 -10 0 0 0 0 1.45 1.85 4.32 -48.78 5.79 -50.23 -0.07 0
Car 0 0 -10 1191.08 605.14 1396.31 667.75 1.6 2.34 4.86 9.44 0.64 55.04 -3.45 0
Pedestrian 0 0 -10 0 0 0 0 1.79 0.83 0.92 -3.71 3.19 -58.36 -0.1 0
Car 0 0 -10 373.52 650.53 463.84 697.42 1.35 1.85 3.95 -16.48 1.7 65.38 1.57 0
Pedestrian 0 0 -10 898.65 614.19 927.38 664.72 1.75 0.91 0.91 -0.93 0.81 72.05 1.46 0
Pedestrian 0 0 -10 0 0 0 0 1.77 0.98 1.09 10.74 2.42 -51.07 1.45 0
Car 0 0 -10 1233.54 607.99 1451.89 670.27 1.5 2.34 4.86 10.14 0.66 51.96 -3.39 0
Car 0 0 -10 1412.72 593.19 1614.46 655.9 1.7 2.21 5.0 16.07 0.35 57.77 -3.36 0
Car 0 0 -10 0 0 0 0 1.51 2.18 4.64 -54.8 6.07 -50.35 -0.03 0
Car 0 0 -10 1147.57 548.5 1275.31 602.28 1.81 2.12 4.55 58.59 -1.76 45.78 -0.0 2
Car 0 0 -10 1659.17 565.62 1867.35 641.99 2.1 2.5 5.0 23.29 -0.04 58.17 -3.3 0
Car 0 0 -10 221.92 642.52 608.03 927.79 1.87 2.11 4.6 -3.96 1.93 16.39 -1.63 0
Car 0 0 -10 1784.54 589.48 1920.0 667.87 1.47 1.86 4.31 18.88 0.44 39.94 -0.26 0
Pedestrian 0 0 -10 0 0 0 0 1.76 0.94 0.98 45.22 -0.41 -23.18 0.23 0
Pedestrian 0 0 -10 1409.05 518.9 1466.1 631.14 2.1 0.81 0.67 34.33 -0.35 21.52 -3.14 2
Pedestrian 0 0 -10 1437.41 512.58 1492.21 607.91 1.7 0.76 0.63 33.04 -0.75 20.15 -0.95 2
Car 0 0 -10 0 0 0 0 1.61 2.08 4.2 -29.08 4.8 -49.22 0.01 0
Car 0 0 -10 0 0 0 0 3.77 3.48 13.18 -46.69 5.69 -57.09 -0.02 0
Pedestrian 0 0 -10 0 0 0 0 1.89 0.76 0.77 -26.61 4.41 -59.58 -0.19 0
Pedestrian 0 0 -10 0 0 0 0 1.83 0.78 0.97 29.3 1.32 -53.86 -3.02 0
Car 0 0 -10 0 0 0 0 1.87 2.09 4.58 -22.4 4.5 -48.85 -0.06 0
Car 0 0 -10 0 0 0 0 1.55 2.09 4.65 -2.3 2.42 -15.29 -1.61 0
Car 0 0 -10 681.93 627.57 736.81 672.36 1.52 1.79 4.02 -8.32 1.06 74.29 -1.73 0
Pedestrian 0 0 -10 0 0 0 0 1.92 0.83 1.17 10.26 2.42 -63.17 1.47 0
Pedestrian 0 0 -10 926.7 595.71 954.54 662.78 2.31 0.81 0.76 0.04 0.74 71.53 1.36 0
Car 0 0 -10 0 0 0 0 1.37 0.84 1.96 4.74 2.58 -33.01 -0.07 0
Car 0 0 -10 0 0 0 0 1.85 2.26 5.04 -28.55 4.66 -52.18 -0.02 0
Pedestrian 0 0 -10 215.39 645.71 256.44 705.82 1.93 1.0 1.0 -23.0 2.09 67.35 -1.59 0
Car 0 0 -10 548.87 574.85 733.05 640.47 1.61 2.11 4.51 31.92 -0.42 43.27 -0.17 2
Pedestrian 0 0 -10 1008.49 608.05 1040.73 675.91 2.0 0.8 0.66 2.53 1.02 61.11 -4.41 0
Car 0 0 -10 1884.27 380.73 1920.0 886.0 1.72 0.93 2.13 3.97 2.13 -2.62 -3.3 4
Car 0 0 -10 1468.74 593.19 1767.89 688.94 1.72 2.14 5.02 12.75 0.81 38.78 -0.26 0
Car 0 0 -10 450.73 644.9 654.52 730.74 1.52 2.1 4.73 -7.76 1.64 41.02 -2.22 0
Pedestrian 0 0 -10 1035.34 613.8 1073.34 677.86 1.86 0.82 0.74 3.37 1.06 60.42 -3.85 0
Pedestrian 0 0 -10 0 0 0 0 1.63 0.83 0.93 29.31 1.36 -53.03 -3.06 0
Car 0 0 -10 122.22 656.39 331.86 728.07 1.6 2.22 4.9 -18.03 2.05 52.31 -4.25 0
Car 0 0 -10 0 0 0 0 1.46 2.17 4.72 -35.77 5.16 -49.55 0.0 0
Pedestrian 0 0 -10 0 0 0 0 1.78 1.01 0.99 4.85 2.25 -21.54 -2.27 0
Car 0 0 -10 193.91 655.7 326.24 718.85 1.6 2.21 4.51 -19.13 2.07 58.19 -4.71 0
Pedestrian 0 0 -10 1644.28 240.2 1830.37 343.02 0.85 0.99 1.41 18.02 0.99 -6.55 -3.24 4
Pedestrian 0 0 -10 0 0 0 0 1.68 0.84 0.98 -17.19 4.11 -54.48 1.41 0
Pedestrian 0 0 -10 0.0 257.53 51.28 354.86 1.87 0.86 1.06 -41.1 3.37 -18.71 0.98 3
Car 0 0 -10 0 0 0 0 1.56 2.04 4.88 -20.28 4.35 -55.4 0.08 0
Pedestrian 0 0 -10 1113.19 611.53 1152.93 685.87 1.64 0.79 0.8 4.31 0.98 45.96 1.55 0
Car 0 0 -10 319.06 639.23 422.05 698.43 1.88 2.22 4.54 -19.44 1.86 70.62 -4.71 0
Car 0 0 -10 0 0 0 0 1.65 1.19 2.5 4.97 2.5 -30.81 -3.18 0
Car 0 0 -10 0 0 0 0 1.54 2.2 4.96 -21.92 4.32 -52.16 -0.08 0
Pedestrian 0 0 -10 1814.46 125.57 1857.22 197.91 1.64 0.77 0.74 47.27 -0.57 -20.0 -2.51 4
Car 0 0 -10 805.09 621.56 870.77 672.97 1.73 2.04 4.19 -3.63 1.06 73.04 -1.69 0
Car 0 0 -10 0 0 0 0 1.33 0.86 2.23 4.56 2.25 -21.05 -3.16 0
