Car 0 0 -10 663.01 265.4 833.95 322.82 1.6 1.88 4.64 -61.49 2.38 -6.52 -1.48 3
Car 0 0 -10 114.55 265.72 329.47 325.14 1.61 2.12 5.39 -60.1 2.55 -21.28 -4.71 3
Car 0 0 -10 454.05 274.37 820.22 395.44 1.78 2.01 5.3 -32.71 2.37 -5.34 -1.67 3
Car 0 0 -10 0 0 0 0 1.53 2.04 4.79 -0.23 2.24 -33.46 -1.57 0
Car 0 0 -10 0 0 0 0 1.46 1.98 4.44 6.37 2.3 -52.09 -1.57 0
Car 0 0 -10 0 0 0 0 1.54 2.1 4.75 2.62 2.44 -67.9 -1.59 0
Car 0 0 -10 0 0 0 0 1.81 2.14 4.6 2.44 2.24 -44.73 -1.57 0
Car 0 0 -10 0 0 0 0 1.49 2.05 4.61 -11.11 2.38 -8.4 -4.71 0
Car 0 0 -10 0.0 243.48 38.06 333.95 2.07 2.29 5.41 -50.54 2.37 -23.86 -3.62 3
Car 0 0 -10 0.0 255.64 28.82 353.82 1.88 2.08 4.86 -42.82 2.4 -21.32 -0.02 3
Car 0 0 -10 0 0 0 0 1.48 2.01 4.83 -37.39 2.34 -21.73 -2.98 0
