Car 0 0 -10 864.11 653.0 1027.79 829.67 2.07 2.0 4.71 0.09 2.28 27.54 -1.57 0
Car 0 0 -10 0 0 0 0 1.61 2.07 4.9 12.92 2.11 -67.95 -0.0 0
Car 0 0 -10 0 0 0 0 1.7 2.01 4.34 6.37 2.26 -6.54 -1.62 0
Car 0 0 -10 636.03 677.76 731.29 732.52 1.44 2.09 4.77 -7.69 2.62 62.2 -4.68 0
Car 0 0 -10 509.3 672.54 615.52 736.71 1.57 2.22 4.62 -10.44 2.51 57.25 1.54 0
Car 0 0 -10 0 0 0 0 1.68 2.23 4.72 3.26 2.19 -14.89 -1.58 0
Car 0 0 -10 809.99 661.21 1114.46 971.56 1.9 1.96 4.62 0.16 2.11 15.63 -1.57 0
Car 0 0 -10 994.96 642.18 1062.91 693.09 1.7 2.27 5.02 3.19 1.78 74.25 -1.57 0
Car 0 0 -10 0 0 0 0 1.57 2.13 5.07 3.24 2.09 -0.07 -1.56 0
Pedestrian 0 0 -10 1274.45 316.48 1443.28 602.34 1.65 0.89 0.84 -12.89 2.4 2.46 -1.62 3
Pedestrian 0 0 -10 0.0 309.98 111.36 610.51 1.76 0.84 0.87 -12.86 2.49 -5.88 -1.69 3
Car 0 0 -10 0 0 0 0 1.69 2.09 4.24 -7.25 2.5 -41.15 -4.71 0
Car 0 0 -10 1454.56 676.58 1840.34 899.5 1.7 2.1 4.53 6.44 2.1 19.3 -1.58 0
Car 0 0 -10 1085.23 642.44 1156.09 685.87 1.47 2.2 4.84 6.62 1.56 75.63 -1.57 0
Car 0 0 -10 1329.81 663.14 1582.67 826.0 1.76 2.01 4.66 6.41 2.1 26.1 -1.58 0
Pedestrian 0 0 -10 1246.14 660.25 1275.96 718.93 1.66 0.69 0.99 9.31 2.23 59.6 -1.6 0
Car 0 0 -10 1465.83 663.6 1732.6 738.55 1.55 2.15 5.27 14.57 2.08 45.58 -3.15 0
Pedestrian 0 0 -10 1365.81 665.26 1408.49 742.74 1.58 0.7 0.77 9.33 2.09 42.91 1.53 0
Car 0 0 -10 1414.18 662.34 1635.52 737.56 1.68 2.11 4.67 13.86 2.22 48.86 -3.16 0
Car 0 0 -10 38.87 684.07 262.52 752.5 1.5 2.21 4.59 -18.73 2.56 48.79 -3.18 0
Car 0 0 -10 0 0 0 0 1.53 2.5 5.0 4.88 2.29 -50.01 -1.23 0
Pedestrian 0 0 -10 0 0 0 0 1.7 0.76 1.27 -2.75 2.24 -51.44 -0.05 0
Car 0 0 -10 0 0 0 0 1.46 1.89 4.39 -10.6 2.59 -7.72 -4.7 0
Pedestrian 0 0 -10 477.49 683.39 514.88 739.54 1.54 0.78 0.92 -12.52 2.75 58.09 -1.48 0
Car 0 0 -10 551.23 649.38 644.12 721.05 2.01 2.09 4.72 -10.38 2.31 62.76 1.55 0
Pedestrian 0 0 -10 0 0 0 0 1.58 0.95 0.87 9.84 2.04 -20.27 -1.58 0
Car 0 0 -10 0 0 0 0 1.81 1.9 4.2 -4.35 2.26 -31.33 1.56 0
Pedestrian 0 0 -10 113.23 683.89 189.73 799.23 1.82 0.78 1.09 -12.92 2.54 33.64 -4.63 0
Car 0 0 -10 0 0 0 0 1.75 2.4 5.54 -19.66 2.56 -58.95 0.05 0
Car 0 0 -10 0 0 0 0 1.48 1.79 4.15 -10.67 2.57 -47.43 -4.69 0
Car 0 0 -10 0.0 685.91 49.16 760.87 1.69 2.09 4.41 -23.98 2.8 48.92 -3.18 0
Car 0 0 -10 0 0 0 0 1.41 1.75 4.31 -10.66 2.67 -27.53 1.54 0
Car 0 0 -10 1083.31 636.91 1264.46 775.5 2.04 2.4 4.98 3.73 2.0 33.67 -1.57 0
Car 0 0 -10 760.33 653.41 839.03 709.75 1.55 2.08 4.89 -4.21 1.97 62.6 1.56 0
Car 0 0 -10 0 0 0 0 1.6 2.5 5.0 4.3 2.15 -76.43 -1.48 0
Pedestrian 0 0 -10 0 0 0 0 1.66 0.71 0.57 9.41 2.28 -53.83 0.79 0
Car 0 0 -10 0 0 0 0 1.47 2.03 4.81 -10.43 2.59 -14.12 1.5 0
Car 0 0 -10 0 0 0 0 1.43 1.92 4.23 -7.09 2.35 -47.29 1.53 0
Car 0 0 -10 0 0 0 0 2.07 2.61 5.86 -10.6 2.58 -20.52 1.55 0
Pedestrian 0 0 -10 67.91 687.96 137.95 797.08 1.73 0.78 0.79 -13.69 2.51 33.51 -4.56 0
Car 0 0 -10 0 0 0 0 1.64 2.4 5.42 -11.54 2.3 -64.72 0.01 0
Pedestrian 0 0 -10 296.73 685.85 344.71 761.01 1.66 0.85 0.91 -14.09 2.69 46.81 1.5 0
Car 0 0 -10 607.77 646.91 687.35 701.57 1.78 2.09 4.91 -10.27 2.03 72.69 1.57 0
Car 0 0 -10 312.16 688.87 1397.75 1280.0 1.92 2.19 4.94 6.32 2.2 7.24 -1.59 2
Pedestrian 0 0 -10 1742.3 661.0 1869.49 838.14 1.78 0.96 0.87 9.01 1.99 21.33 -1.65 0
Car 0 0 -10 0 0 0 0 1.49 2.34 4.99 -2.91 2.14 -57.61 -0.43 0
Pedestrian 0 0 -10 1539.93 682.9 1639.74 822.96 1.81 0.94 1.14 -13.53 2.53 26.12 1.49 1
Car 0 0 -10 0 0 0 0 1.82 2.14 4.7 -4.32 2.26 -9.85 -4.71 0
Car 0 0 -10 1526.51 646.94 1808.45 743.85 1.74 2.16 4.67 13.77 1.87 39.02 -3.13 0
Car 0 0 -10 0 0 0 0 1.49 1.97 4.3 -4.09 2.28 -46.06 1.52 0
Car 0 0 -10 0 0 0 0 1.61 2.12 4.92 -10.42 2.65 -41.75 -4.67 0
Car 0 0 -10 1618.94 691.44 1920.0 1038.08 1.75 2.04 4.52 6.29 2.17 13.6 -1.59 0
Pedestrian 0 0 -10 72.95 279.42 256.98 540.12 1.8 0.95 0.82 -15.31 2.43 -5.86 -4.18 3
Pedestrian 0 0 -10 0 0 0 0 1.69 1.0 1.0 -13.83 2.54 -8.26 -4.41 0
Car 0 0 -10 1640.43 842.09 1920.0 1280.0 1.51 2.09 4.89 6.44 2.26 0.21 -1.62 2
Pedestrian 0 0 -10 1826.23 661.77 1920.0 836.05 1.73 0.91 0.84 9.72 1.95 20.98 -1.55 0
Pedestrian 0 0 -10 92.87 687.22 180.34 803.29 1.78 0.88 1.07 -12.81 2.53 32.71 -4.55 0
Car 0 0 -10 1403.29 674.05 1638.54 754.12 1.59 2.11 4.75 -23.64 2.62 42.41 -3.16 1
Car 0 0 -10 0 0 0 0 1.85 2.32 5.05 -10.97 2.37 -59.11 0.0 0
Car 0 0 -10 0 0 0 0 1.61 2.5 5.0 0.25 2.12 -65.04 -0.02 0
Car 0 0 -10 584.91 653.23 660.98 706.75 1.63 1.88 4.1 -10.43 2.07 67.96 1.56 0
