Car 0 0 -10 889.69 618.74 981.96 714.7 2.07 2.0 4.71 -0.07 1.57 47.06 -1.57 0
Car 0 0 -10 0 0 0 0 1.7 2.01 4.34 6.06 2.69 -36.51 -1.62 0
Car 0 0 -10 550.47 732.78 1022.29 890.75 1.44 2.09 4.77 -16.96 2.68 14.59 -3.74 1
Car 0 0 -10 1127.07 680.21 1484.88 838.73 1.7 2.24 4.55 21.98 2.27 15.54 -3.15 2
Car 0 0 -10 0.0 708.86 269.3 854.03 1.57 2.22 4.62 -10.74 2.58 27.28 1.54 0
Car 0 0 -10 1891.54 662.92 1920.0 736.49 1.7 2.5 5.0 56.13 2.48 18.68 -3.1 2
Car 0 0 -10 1889.07 688.54 1920.0 827.85 1.51 2.25 4.93 29.29 2.31 9.02 -3.14 2
Car 0 0 -10 927.28 687.7 1406.55 912.81 1.7 2.1 4.25 15.08 2.2 12.19 -3.12 2
Car 0 0 -10 0 0 0 0 1.68 2.23 4.72 3.0 2.25 -9.31 -1.57 0
Car 0 0 -10 826.91 687.59 1211.36 844.72 1.73 2.22 5.01 20.2 2.4 18.82 -3.14 2
Car 0 0 -10 340.54 684.84 608.83 787.47 1.43 2.03 4.92 -30.01 2.56 18.83 -3.16 1
Car 0 0 -10 500.78 273.58 631.42 355.51 1.67 2.02 4.52 46.38 2.24 8.75 -3.14 4
Car 0 0 -10 842.14 658.14 1057.68 876.87 1.9 1.96 4.62 0.11 2.13 21.12 -1.57 0
Car 0 0 -10 1342.81 742.51 1920.0 1280.0 1.57 2.13 5.07 3.06 2.1 7.58 -1.59 0
Pedestrian 0 0 -10 0 0 0 0 1.76 0.84 0.87 -13.72 2.74 -28.71 -1.59 0
Car 0 0 -10 0 0 0 0 1.69 2.09 4.24 -7.57 3.13 -71.26 -4.71 0
Car 0 0 -10 0 0 0 0 1.7 2.1 4.53 6.13 2.42 -10.67 -1.58 0
Car 0 0 -10 370.96 292.8 573.59 383.41 1.45 2.5 5.0 38.66 2.29 8.97 -3.13 4
Car 0 0 -10 1350.91 666.67 1759.1 855.53 1.85 2.45 4.89 22.16 2.24 12.16 -3.13 2
Car 0 0 -10 1164.81 641.19 1294.06 714.71 1.47 2.2 4.84 6.35 1.51 45.65 -1.57 0
Car 0 0 -10 1450.98 390.24 1920.0 886.0 1.76 2.01 4.66 6.15 2.31 -3.82 -1.58 4
Car 0 0 -10 1227.51 663.12 1402.0 774.61 1.66 2.07 4.62 6.31 2.1 35.21 -1.59 0
Pedestrian 0 0 -10 1437.8 646.82 1486.72 740.3 1.66 0.69 0.99 9.5 1.78 37.51 -1.51 0
Car 0 0 -10 1739.3 746.77 1920.0 962.27 1.39 0.9 2.44 16.01 2.28 5.9 -1.62 2
Car 0 0 -10 577.78 703.79 1109.24 902.17 1.55 2.15 5.27 14.24 2.26 15.59 -3.15 2
Pedestrian 0 0 -10 1314.4 764.71 1537.13 1119.57 1.58 0.7 0.77 8.86 2.22 5.67 -4.7 2
Car 0 0 -10 368.03 706.07 831.27 895.82 1.68 2.11 4.67 13.55 2.43 18.88 -3.16 2
Car 0 0 -10 1500.92 221.92 1619.13 273.03 1.48 2.26 4.4 -64.18 2.12 19.09 -3.18 3
Car 0 0 -10 751.54 707.79 1122.29 852.45 1.5 2.21 4.59 -19.03 2.66 18.82 -3.18 1
Car 0 0 -10 13.17 658.28 177.6 733.83 1.51 1.91 4.33 -45.81 2.44 19.04 -3.17 1
Car 0 0 -10 0 0 0 0 1.53 2.5 5.0 5.84 2.83 -62.0 -1.55 0
Pedestrian 0 0 -10 1110.64 698.62 1199.09 832.89 1.7 0.78 0.88 -17.37 2.66 21.4 0.02 1
Car 0 0 -10 545.24 623.96 637.28 677.66 1.55 2.07 5.03 -10.65 1.04 63.23 1.54 0
Pedestrian 0 0 -10 1313.39 626.0 1350.43 705.89 1.75 0.67 1.02 8.73 1.42 45.88 -4.67 0
Car 0 0 -10 206.15 286.3 554.88 476.82 1.73 2.22 5.03 22.69 2.16 6.12 -3.12 4
Car 0 0 -10 1696.21 683.23 1920.0 802.84 1.42 2.5 5.0 30.43 2.19 12.03 -3.16 2
Car 0 0 -10 0 0 0 0 1.46 1.89 4.39 -10.92 2.98 -37.69 -4.7 0
Pedestrian 0 0 -10 175.66 677.45 238.79 768.43 1.54 0.78 0.92 -12.79 2.18 35.8 -1.58 0
Car 0 0 -10 153.0 658.68 375.86 801.39 2.01 2.09 4.72 -10.67 2.34 32.78 1.55 0
Pedestrian 0 0 -10 422.66 631.94 479.67 712.5 1.86 0.94 0.94 -11.49 1.64 48.38 -3.96 0
Pedestrian 0 0 -10 1162.94 686.97 1240.93 828.44 1.83 0.74 0.75 -17.07 2.62 22.04 0.03 1
Pedestrian 0 0 -10 0 0 0 0 1.58 0.95 0.87 9.5 2.68 -50.23 -1.58 0
Car 0 0 -10 0 0 0 0 1.81 1.9 4.2 -4.52 2.78 -66.89 1.55 0
Pedestrian 0 0 -10 541.36 313.93 710.9 607.75 1.82 0.78 1.09 -13.8 2.62 -2.4 1.43 3
Car 0 0 -10 1336.37 673.85 1610.66 784.08 1.62 2.26 5.04 31.56 2.28 18.85 -3.14 2
Car 0 0 -10 543.34 681.69 844.11 815.74 1.69 2.09 4.41 -24.25 2.62 18.94 -3.18 1
Car 0 0 -10 1297.34 692.94 1555.21 843.11 1.62 2.25 5.02 6.34 2.41 27.53 -1.58 0
Car 0 0 -10 0 0 0 0 1.41 1.75 4.31 -10.98 3.24 -57.49 1.54 0
Car 0 0 -10 507.59 630.73 610.91 691.64 1.57 2.14 4.74 -10.49 1.3 57.03 1.53 0
Car 0 0 -10 1009.6 603.7 1099.83 676.91 2.04 2.4 4.98 3.3 0.96 59.95 -1.56 0
Car 0 0 -10 1217.8 188.72 1316.63 247.55 1.95 2.5 5.0 -72.06 1.57 11.2 -3.18 3
Car 0 0 -10 1872.31 741.55 1920.0 930.35 1.39 0.94 1.91 18.15 2.32 5.96 -1.58 2
Car 0 0 -10 596.35 608.43 677.01 663.64 1.82 2.09 5.0 -10.35 0.7 70.62 1.55 0
Car 0 0 -10 1099.65 688.13 1425.93 810.35 1.54 2.42 4.91 25.76 2.34 19.0 -3.14 2
Car 0 0 -10 0.0 437.55 108.82 886.0 1.55 2.08 4.89 -4.27 2.27 -5.05 1.56 3
Car 0 0 -10 1859.86 677.22 1920.0 782.81 1.49 2.5 5.0 36.55 2.27 12.06 -3.14 2
Car 0 0 -10 0 0 0 0 1.47 2.03 4.81 -10.76 3.03 -44.08 1.5 0
Car 0 0 -10 0 0 0 0 2.07 2.61 5.86 -10.87 3.03 -50.53 1.55 0
Pedestrian 0 0 -10 517.07 317.46 646.3 585.27 1.73 0.78 0.79 -14.3 2.58 -2.79 1.51 3
Pedestrian 0 0 -10 456.57 723.9 612.22 947.29 1.66 0.85 0.91 -14.08 2.5 9.28 1.52 1
Car 0 0 -10 346.37 646.37 506.6 741.48 1.78 2.09 4.91 -10.57 1.93 42.71 1.57 0
Car 0 0 -10 0 0 0 0 1.92 2.19 4.94 6.0 2.56 -22.68 -1.59 0
Pedestrian 0 0 -10 1911.98 323.07 1920.0 764.01 1.78 0.96 0.87 8.73 2.19 -4.39 -1.43 4
Pedestrian 0 0 -10 0 0 0 0 1.81 0.94 1.14 -12.64 2.71 -11.93 -4.7 0
Car 0 0 -10 1525.32 657.29 1920.0 892.0 1.98 2.39 5.78 21.04 2.24 9.27 -3.18 2
Car 0 0 -10 1523.03 662.2 1744.74 770.37 1.83 2.15 4.67 37.04 2.34 18.69 -3.15 2
Car 0 0 -10 0 0 0 0 1.82 2.14 4.7 -4.65 2.69 -56.66 -4.71 0
Car 0 0 -10 1043.24 698.11 1649.83 996.85 1.74 2.16 4.67 13.38 2.27 9.03 -3.13 2
Car 0 0 -10 1079.48 602.86 1145.66 650.42 1.68 2.11 4.65 6.3 0.3 75.35 -1.56 0
Car 0 0 -10 1452.22 664.44 1761.53 796.42 1.71 2.5 5.0 29.23 2.16 15.18 -3.16 2
Car 0 0 -10 123.85 665.31 310.07 747.28 1.47 1.91 4.15 -39.94 2.45 19.1 -3.18 1
Car 0 0 -10 0 0 0 0 1.49 1.97 4.3 -4.42 2.95 -76.58 1.56 0
Car 0 0 -10 0 0 0 0 1.61 2.12 4.92 -10.69 3.21 -71.71 -4.67 0
Car 0 0 -10 1645.68 672.89 1861.64 761.01 1.61 2.5 5.0 42.84 2.44 18.89 -3.14 2
Car 0 0 -10 0 0 0 0 1.75 2.04 4.52 6.06 2.57 -16.13 -1.59 0
Pedestrian 0 0 -10 0 0 0 0 1.8 0.95 0.82 -15.0 2.55 -36.93 -4.47 0
Pedestrian 0 0 -10 0 0 0 0 1.69 1.0 1.0 -13.78 2.93 -44.22 -4.66 0
Car 0 0 -10 0 0 0 0 1.51 2.09 4.89 6.16 2.67 -29.75 -1.62 0
Car 0 0 -10 279.28 287.2 473.88 374.17 1.6 2.5 5.0 43.47 2.39 12.1 -3.11 4
Pedestrian 0 0 -10 0 0 0 0 1.73 0.91 0.84 9.47 2.18 -5.02 -1.47 0
Car 0 0 -10 1092.0 610.39 1162.91 654.81 1.46 2.01 4.82 6.37 0.42 70.28 -1.57 0
Car 0 0 -10 1769.03 665.24 1920.0 742.32 1.57 2.5 5.0 48.7 2.31 18.8 -3.14 2
Pedestrian 0 0 -10 350.66 323.31 557.52 627.44 1.78 0.88 1.07 -13.02 2.6 -3.38 -4.69 3
Car 0 0 -10 1204.85 219.72 1391.66 335.51 1.95 2.55 5.59 -38.63 2.33 6.38 -3.14 3
Pedestrian 0 0 -10 471.43 661.75 543.45 757.45 1.74 0.93 1.0 -33.34 2.5 21.75 -0.01 1
Pedestrian 0 0 -10 608.4 672.29 718.95 833.86 2.0 1.0 0.99 16.24 2.34 21.45 -3.15 2
Car 0 0 -10 1322.3 278.89 1558.02 404.67 1.36 2.09 4.45 -27.49 2.48 6.34 -3.15 3
Pedestrian 0 0 -10 1329.93 614.99 1375.35 702.8 1.93 0.81 1.05 9.2 1.35 45.94 -4.71 0
Car 0 0 -10 432.26 628.08 560.2 715.42 1.9 1.95 4.27 -10.24 1.62 47.81 -4.69 0
Car 0 0 -10 273.2 660.84 436.96 759.46 1.63 1.88 4.1 -10.74 2.04 38.01 1.56 0
