Car 0 0 -10 0 0 0 0 1.78 2.26 5.07 -9.02 2.16 -52.33 -4.69 0
Pedestrian 0 0 -10 965.83 766.27 1100.29 933.78 1.58 0.92 1.09 -14.58 2.74 15.32 -4.31 1
Car 0 0 -10 0 0 0 0 1.76 2.01 4.64 12.55 1.53 -20.05 -4.69 0
Pedestrian 0 0 -10 0 0 0 0 1.25 0.69 0.68 -17.65 2.21 -69.99 -4.7 0
Car 0 0 -10 1214.29 653.01 1315.55 716.43 2.08 2.59 6.5 12.34 2.13 72.12 -1.55 0
Car 0 0 -10 1072.2 223.32 1920.0 594.41 1.61 2.03 4.74 10.09 1.67 -3.01 -1.54 4
Pedestrian 0 0 -10 1039.31 760.34 1182.95 936.13 1.67 1.31 1.12 -14.27 2.79 16.17 -4.19 1
Car 0 0 -10 880.58 65.54 1033.76 225.45 2.13 2.03 4.3 30.23 0.14 -0.28 0.01 4
Car 0 0 -10 1062.66 673.49 1129.11 727.27 1.73 2.05 4.75 6.46 2.51 71.62 -1.54 0
Car 0 0 -10 1002.3 562.48 1278.03 669.58 1.72 2.18 4.65 27.94 0.4 22.54 -3.12 2
Car 0 0 -10 0 0 0 0 1.51 2.01 4.64 15.01 1.38 -19.18 -4.67 0
Car 0 0 -10 0 0 0 0 1.77 2.15 4.83 -13.66 2.46 -48.44 1.55 0
Car 0 0 -10 55.88 730.47 385.85 908.76 1.5 2.02 4.45 -7.07 2.41 21.7 1.56 0
Pedestrian 0 0 -10 0 0 0 0 1.65 0.82 0.99 5.75 1.77 -35.09 -4.67 0
Pedestrian 0 0 -10 335.43 110.78 394.44 202.26 1.6 0.79 0.94 37.42 -0.28 10.19 -0.03 4
Pedestrian 0 0 -10 569.85 762.12 699.41 1013.73 1.83 0.75 0.8 -13.42 2.7 9.49 0.26 1
Pedestrian 0 0 -10 1303.3 659.97 1356.6 756.26 1.88 0.9 1.16 8.41 2.04 41.38 -1.49 0
Pedestrian 0 0 -10 1283.34 363.89 1447.33 685.32 1.92 0.88 0.92 -13.44 2.71 2.47 -4.67 3
Pedestrian 0 0 -10 1898.0 663.13 1920.0 811.2 1.71 1.03 1.19 12.65 1.83 24.51 -0.3 0
Car 0 0 -10 0 0 0 0 1.46 2.18 5.0 -1.43 1.97 -40.49 -1.58 0
Pedestrian 0 0 -10 1310.32 403.31 1427.38 641.74 1.63 0.77 0.53 -15.12 2.79 2.85 -3.06 3
Pedestrian 0 0 -10 373.87 88.43 434.54 171.0 1.43 0.86 1.03 37.52 -0.85 9.51 -0.08 4
Pedestrian 0 0 -10 702.5 361.94 871.93 600.18 1.72 1.02 0.9 -16.61 2.72 -1.52 -4.08 3
Car 0 0 -10 572.0 672.22 682.02 746.22 2.12 2.5 5.62 -8.64 2.79 64.21 -4.7 0
Car 0 0 -10 0 0 0 0 1.52 2.04 4.81 4.22 2.16 -7.68 -1.6 0
Car 0 0 -10 1654.69 526.45 1898.78 644.52 1.74 2.01 4.59 33.44 -0.03 13.83 0.02 2
Pedestrian 0 0 -10 1094.23 747.15 1162.54 850.36 1.78 0.87 0.86 -24.69 3.46 28.7 -3.08 1
Car 0 0 -10 445.61 699.31 558.75 769.26 1.71 2.16 4.73 -11.04 3.07 56.68 1.56 0
Car 0 0 -10 0 0 0 0 1.64 2.2 5.18 -14.08 2.0 -66.69 1.55 0
Pedestrian 0 0 -10 0 0 0 0 1.78 1.08 1.14 6.46 1.73 -30.36 1.28 0
Car 0 0 -10 0 0 0 0 1.59 2.31 4.6 2.59 1.71 -58.92 -1.58 0
Car 0 0 -10 1258.96 632.74 1731.35 972.65 1.66 2.15 4.38 11.51 1.61 6.35 -0.39 2
Car 0 0 -10 1068.8 677.16 1139.03 727.26 1.53 2.09 3.4 6.35 2.38 67.47 -1.54 0
Car 0 0 -10 719.49 683.8 788.43 728.72 1.45 1.98 4.71 -5.41 2.62 73.23 -4.7 0
Pedestrian 0 0 -10 0 0 0 0 1.22 0.57 0.51 5.27 1.55 -53.02 1.44 0
Pedestrian 0 0 -10 0.0 723.52 88.62 847.42 1.69 0.9 0.96 -12.39 2.72 29.38 0.32 0
Pedestrian 0 0 -10 0 0 0 0 1.12 0.74 0.59 7.01 1.82 -29.84 1.51 0
Car 0 0 -10 896.39 678.92 1011.15 775.62 1.73 2.13 4.37 0.92 2.3 40.86 -1.55 0
Car 0 0 -10 0 0 0 0 1.81 1.96 4.43 -8.38 2.25 -25.31 -4.69 0
Car 0 0 -10 0.0 430.83 1007.93 886.0 1.53 2.02 4.77 -7.56 2.34 -2.44 -4.69 3
Car 0 0 -10 663.2 691.03 755.55 748.83 1.51 1.98 4.77 -5.73 2.7 60.29 -4.67 0
Pedestrian 0 0 -10 1638.83 712.97 1716.76 840.39 1.32 0.58 0.82 8.31 1.99 22.42 -1.51 0
Car 0 0 -10 1888.37 488.31 1920.0 597.42 1.85 2.15 4.55 42.55 -1.0 13.53 -0.04 2
Car 0 0 -10 0 0 0 0 1.44 2.14 4.46 -13.81 2.57 -54.8 1.56 0
Car 0 0 -10 216.74 727.87 402.57 819.5 1.44 2.11 4.76 -11.23 2.97 39.21 1.57 0
Car 0 0 -10 0 0 0 0 1.48 2.08 4.81 3.67 2.07 -21.81 -1.6 0
Car 0 0 -10 636.87 710.0 1079.09 918.62 2.14 2.54 5.98 -20.05 2.96 17.65 0.06 1
Pedestrian 0 0 -10 1697.91 677.16 1792.4 836.56 1.65 0.71 0.84 8.93 1.92 22.14 -1.51 0
Car 0 0 -10 0 0 0 0 1.75 2.1 3.98 -0.65 2.04 -9.83 -1.56 0
Pedestrian 0 0 -10 0 0 0 0 1.68 0.83 0.7 5.93 1.54 -57.02 1.54 0
Pedestrian 0 0 -10 310.52 66.41 367.82 190.63 2.2 0.79 0.94 37.84 -0.5 10.76 -0.07 4
Pedestrian 0 0 -10 1553.31 201.12 1750.1 512.67 1.7 0.66 0.83 11.78 1.64 -3.89 -1.7 4
Pedestrian 0 0 -10 0.0 814.84 88.72 1097.89 1.73 1.0 0.92 -14.68 2.88 4.94 -1.92 1
Car 0 0 -10 258.53 64.73 410.0 153.37 1.72 2.12 4.81 47.44 -1.56 13.55 -0.04 4
Car 0 0 -10 0 0 0 0 2.2 2.3 5.2 30.34 0.23 -17.05 0.04 0
Car 0 0 -10 378.37 686.83 528.34 780.45 2.08 2.44 5.45 -11.14 2.99 51.18 1.57 0
Car 0 0 -10 0 0 0 0 1.67 2.01 4.56 23.21 0.72 -16.2 -2.91 0
Car 0 0 -10 279.74 636.71 718.06 787.85 1.59 2.1 4.5 13.79 1.49 20.51 -3.12 2
Pedestrian 0 0 -10 0 0 0 0 1.59 0.73 0.52 4.68 1.66 -53.06 1.44 0
Car 0 0 -10 326.76 706.37 456.33 794.0 1.7 2.05 4.64 -11.29 2.96 45.58 1.47 0
Car 0 0 -10 0 0 0 0 1.54 1.98 4.48 -14.01 2.6 -61.04 1.56 0
Car 0 0 -10 1049.38 101.21 1216.77 224.98 1.66 2.03 4.3 30.5 0.15 -2.72 -0.01 4
Car 0 0 -10 837.54 705.13 1085.45 908.33 1.56 2.05 4.3 0.46 2.12 19.38 -1.57 0
Pedestrian 0 0 -10 1861.97 637.74 1920.0 777.8 1.84 0.88 0.91 13.42 1.64 27.56 -3.25 0
Pedestrian 0 0 -10 1164.25 388.67 1315.93 656.73 1.78 0.97 0.75 -15.1 2.86 1.92 -2.83 3
Pedestrian 0 0 -10 0.0 348.11 65.35 627.97 1.9 1.03 1.2 -15.21 2.75 -7.6 -1.54 3
Car 0 0 -10 509.79 681.36 670.97 785.75 1.87 2.2 5.71 -6.32 2.51 41.89 -4.69 0
Car 0 0 -10 1266.1 526.79 1687.98 717.49 2.01 2.35 5.19 21.99 0.78 12.96 -1.12 2
Car 0 0 -10 0 0 0 0 1.84 2.34 5.67 -2.35 2.01 -24.97 -1.66 0
Car 0 0 -10 655.12 98.72 817.23 215.17 1.63 2.03 4.38 32.21 -0.03 3.02 -0.01 4
Car 0 0 -10 0 0 0 0 1.67 1.96 4.38 -13.18 2.54 -37.42 -4.69 0
Pedestrian 0 0 -10 694.17 581.84 781.62 693.74 1.8 0.86 1.12 22.04 0.76 26.23 -3.06 2
Pedestrian 0 0 -10 0 0 0 0 1.68 0.83 0.7 5.04 1.59 -56.66 -4.67 0
Pedestrian 0 0 -10 1336.95 673.39 1384.81 782.62 1.75 0.67 0.65 7.38 2.1 33.84 -3.11 0
Car 0 0 -10 0 0 0 0 1.64 2.2 4.51 3.26 1.93 -47.17 -1.51 0
Car 0 0 -10 0 0 0 0 1.59 2.31 5.16 -1.78 1.92 -60.23 -1.56 0
Pedestrian 0 0 -10 0 0 0 0 1.54 0.87 0.6 6.45 1.33 -56.25 -1.6 0
