Pedestrian 0 0 -10 709.23 365.1 862.25 588.0 1.58 0.92 1.09 -16.38 2.58 -1.59 -3.54 3
Pedestrian 0 0 -10 695.23 880.46 776.41 950.8 0.39 0.27 0.44 8.63 1.91 10.24 -1.67 2
Car 0 0 -10 0 0 0 0 1.76 2.01 4.64 12.63 1.7 -34.3 -4.7 0
Car 0 0 -10 1260.23 666.13 1395.52 748.03 2.08 2.59 6.5 11.61 2.5 57.86 -1.56 0
Car 0 0 -10 0 0 0 0 1.48 2.08 4.81 -1.24 1.77 -63.31 -1.58 0
Car 0 0 -10 0 0 0 0 1.61 2.03 4.74 10.03 1.84 -17.28 -1.55 0
Pedestrian 0 0 -10 787.05 362.05 1006.27 604.95 1.67 1.31 1.12 -16.23 2.65 -0.68 -3.88 3
Car 0 0 -10 1806.93 108.17 1920.0 264.59 2.13 2.03 4.3 30.16 0.73 -14.37 -0.0 4
Car 0 0 -10 715.62 689.37 780.17 732.77 1.45 1.93 4.34 -5.86 2.9 75.98 -4.7 0
Car 0 0 -10 1073.78 689.44 1160.0 758.84 1.73 2.05 4.75 5.73 2.82 57.31 -1.55 0
Car 0 0 -10 796.46 687.35 855.94 734.97 1.52 1.96 3.91 -2.82 2.81 71.77 1.54 0
Car 0 0 -10 1861.45 582.47 1920.0 734.36 1.72 2.18 4.65 27.65 1.01 8.42 -3.13 2
Car 0 0 -10 0 0 0 0 1.51 2.01 4.64 15.08 1.63 -33.41 -4.67 0
Car 0 0 -10 0 0 0 0 1.77 2.15 4.83 -13.35 2.06 -62.92 1.55 0
Car 0 0 -10 0 0 0 0 1.5 2.02 4.45 -7.35 2.19 -8.48 1.57 0
Pedestrian 0 0 -10 0 0 0 0 1.65 0.82 0.99 5.8 1.79 -52.42 -4.67 0
Pedestrian 0 0 -10 1129.05 139.52 1172.61 224.55 1.6 0.79 0.94 39.84 0.18 -3.99 0.07 4
Pedestrian 0 0 -10 153.22 333.97 319.0 634.34 1.83 0.75 0.8 -13.62 2.46 -5.01 0.18 3
Pedestrian 0 0 -10 1383.16 683.47 1454.29 807.88 1.88 0.9 1.16 7.98 2.37 32.48 -1.49 0
Pedestrian 0 0 -10 0 0 0 0 1.92 0.88 0.92 -14.5 2.43 -14.75 -4.3 0
Pedestrian 0 0 -10 1161.45 653.89 1329.7 861.62 1.71 1.03 1.19 14.68 1.78 10.73 -0.25 2
Pedestrian 0 0 -10 417.06 680.91 458.56 751.9 1.85 1.03 0.93 -12.49 2.65 54.92 -1.77 0
Car 0 0 -10 0 0 0 0 1.46 2.18 5.0 -1.11 1.89 -43.58 -1.57 0
Pedestrian 0 0 -10 0 0 0 0 1.63 0.77 0.53 -15.32 2.37 -11.86 -4.23 0
Pedestrian 0 0 -10 1161.02 125.39 1207.6 201.9 1.43 0.86 1.03 40.01 -0.26 -4.65 0.1 4
Car 0 0 -10 334.13 713.72 451.91 788.21 1.48 1.7 3.78 -11.56 2.96 46.59 1.56 0
Car 0 0 -10 540.45 699.01 627.88 747.87 1.5 2.1 4.95 -11.18 3.23 71.69 -4.7 0
Pedestrian 0 0 -10 0 0 0 0 1.72 1.02 0.9 -16.27 2.37 -16.37 -0.94 0
Car 0 0 -10 441.95 675.82 593.99 773.16 2.12 2.5 5.62 -9.3 2.76 49.77 -4.71 0
Car 0 0 -10 0 0 0 0 1.52 2.04 4.81 4.19 2.21 -22.0 -1.61 0
Pedestrian 0 0 -10 279.07 741.08 365.68 874.13 1.78 0.87 0.86 -27.4 3.06 14.2 -3.14 1
Car 0 0 -10 381.0 709.29 500.2 780.55 1.56 1.98 4.36 -11.59 3.08 51.54 1.56 0
Car 0 0 -10 249.19 708.84 417.24 805.34 1.71 2.16 4.73 -11.65 2.97 42.22 1.55 0
Pedestrian 0 0 -10 1796.5 560.91 1886.62 688.35 1.8 0.9 1.3 30.52 0.59 11.76 -0.1 2
Car 0 0 -10 515.89 685.01 600.36 745.42 1.79 2.03 4.65 -11.27 2.93 66.85 1.54 0
Pedestrian 0 0 -10 0 0 0 0 1.78 1.08 1.14 7.65 1.72 -46.75 0.69 0
Car 0 0 -10 0 0 0 0 1.59 2.31 4.6 3.0 1.61 -73.26 -1.59 0
Car 0 0 -10 957.59 337.82 1066.86 449.87 2.14 2.37 4.95 -47.5 4.43 1.24 0.0 3
Car 0 0 -10 0 0 0 0 1.66 2.15 4.38 11.36 1.82 -7.9 -0.4 0
Car 0 0 -10 1084.14 694.38 1176.08 759.81 1.53 2.09 3.4 5.66 2.67 53.16 -1.55 0
Car 0 0 -10 599.48 695.31 707.79 760.85 1.45 1.98 4.71 -6.33 2.62 51.89 -4.69 0
Pedestrian 0 0 -10 0 0 0 0 1.22 0.57 0.51 5.87 1.32 -69.43 1.43 0
Pedestrian 0 0 -10 1076.08 743.3 1210.97 935.55 1.69 0.9 0.96 -12.77 2.55 14.9 0.31 1
Pedestrian 0 0 -10 1161.91 675.23 1193.26 733.66 1.75 0.85 0.81 8.21 2.47 63.12 -4.7 0
Pedestrian 0 0 -10 0 0 0 0 1.12 0.74 0.59 8.06 1.72 -46.05 1.02 0
Car 0 0 -10 902.81 688.06 1004.14 774.62 1.73 2.13 4.37 0.99 2.59 45.94 -1.57 0
Car 0 0 -10 0 0 0 0 1.53 2.02 4.77 -8.11 1.98 -35.06 -4.71 0
Car 0 0 -10 422.68 709.71 598.05 813.92 1.51 1.98 4.77 -6.72 2.59 35.39 -4.7 0
Pedestrian 0 0 -10 531.18 805.13 678.37 1030.42 1.32 0.58 0.82 8.08 2.37 10.86 -1.47 2
Car 0 0 -10 907.13 111.81 1024.18 210.72 1.85 2.15 4.55 42.39 -0.13 -0.45 -0.05 4
Car 0 0 -10 0 0 0 0 1.44 2.14 4.46 -13.44 2.16 -69.26 1.55 0
Car 0 0 -10 0.0 754.17 102.71 908.48 1.44 2.11 4.76 -11.69 2.81 24.75 1.56 0
Car 0 0 -10 0 0 0 0 1.48 2.08 4.81 3.76 2.06 -36.13 -1.61 0
Car 0 0 -10 1150.86 282.36 1487.51 568.88 2.14 2.54 5.98 -20.02 2.58 3.1 0.05 3
Pedestrian 0 0 -10 731.78 743.87 914.46 1033.71 1.65 0.71 0.84 8.64 2.27 9.43 -1.58 2
Car 0 0 -10 0 0 0 0 1.75 2.1 3.98 -0.47 2.03 -11.38 -1.57 0
Pedestrian 0 0 -10 0 0 0 0 1.68 0.83 0.7 6.4 1.43 -73.72 1.52 0
Pedestrian 0 0 -10 1090.11 89.65 1136.5 205.55 2.2 0.79 0.94 40.26 -0.19 -3.32 -0.02 4
Car 0 0 -10 572.01 89.01 700.03 176.03 2.2 2.17 4.98 58.94 -1.23 8.45 -3.0 4
Pedestrian 0 0 -10 0 0 0 0 1.7 0.66 0.83 11.58 1.71 -18.43 -1.71 0
Pedestrian 0 0 -10 1466.36 370.46 1501.69 423.65 1.38 0.77 0.7 -56.4 4.76 14.48 -3.16 3
Pedestrian 0 0 -10 0.0 348.45 82.03 603.8 1.73 1.0 0.92 -15.1 2.55 -7.34 -1.63 3
Car 0 0 -10 907.94 108.61 1011.58 192.99 1.72 2.12 4.81 47.28 -0.56 -0.39 -0.05 4
Car 0 0 -10 0 0 0 0 2.2 2.3 5.2 30.32 1.03 -31.14 0.03 0
Car 0 0 -10 124.91 692.39 360.01 826.69 2.08 2.44 5.45 -11.7 2.88 36.71 1.56 0
Car 0 0 -10 0 0 0 0 1.67 2.01 4.56 23.27 1.13 -30.35 -2.92 0
Car 0 0 -10 1358.18 679.05 1920.0 970.17 1.59 2.1 4.5 13.47 1.82 6.28 -3.13 2
Pedestrian 0 0 -10 0 0 0 0 1.59 0.73 0.52 5.31 1.48 -69.37 1.43 0
Car 0 0 -10 8.07 720.44 231.5 853.69 1.7 2.05 4.64 -11.8 2.83 31.12 1.46 0
Car 0 0 -10 0 0 0 0 1.54 1.98 4.48 -13.59 2.2 -75.52 1.55 0
Car 0 0 -10 1042.27 677.56 1108.72 733.98 1.83 2.08 5.21 5.86 2.78 72.99 -1.55 0
Pedestrian 0 0 -10 576.77 690.89 608.8 745.99 1.69 0.72 0.78 -9.85 2.94 64.6 -3.65 0
Pedestrian 0 0 -10 860.82 349.59 893.74 407.57 1.5 0.84 0.78 -55.96 4.39 -2.08 -0.1 3
Car 0 0 -10 1212.63 689.55 1290.54 735.13 1.41 2.04 4.24 11.72 2.74 70.89 -1.56 0
Car 0 0 -10 669.26 684.82 751.54 743.31 1.65 1.96 4.67 -6.08 2.74 64.02 -4.7 0
Car 0 0 -10 0 0 0 0 1.66 2.03 4.3 30.44 0.75 -16.81 -0.02 0
Car 0 0 -10 836.7 725.53 1053.39 908.39 1.56 2.05 4.3 0.38 2.43 21.84 -1.57 0
Pedestrian 0 0 -10 677.21 678.59 810.62 908.3 1.84 0.88 0.91 11.26 2.11 13.26 -3.77 2
Car 0 0 -10 593.74 124.51 673.92 168.83 1.15 0.59 2.02 55.59 -1.29 8.09 1.56 4
Pedestrian 0 0 -10 0 0 0 0 1.78 0.97 0.75 -15.18 2.37 -12.53 -2.89 0
Pedestrian 0 0 -10 0 0 0 0 1.9 1.03 1.2 -14.86 2.36 -19.34 -1.55 0
Car 0 0 -10 0.0 716.09 85.75 1148.61 1.87 2.2 5.71 -7.11 2.35 11.93 -4.71 0
Car 0 0 -10 539.92 125.13 1074.1 326.61 2.01 2.35 5.19 22.54 1.12 1.36 -1.35 4
Car 0 0 -10 0 0 0 0 1.84 2.34 5.67 -3.22 1.99 -26.21 -1.63 0
Car 0 0 -10 1554.83 142.01 1788.69 255.45 1.63 2.03 4.38 32.11 0.63 -11.06 -0.02 4
Car 0 0 -10 0 0 0 0 1.67 1.96 4.38 -12.97 2.15 -51.91 -4.7 0
Pedestrian 0 0 -10 1272.88 614.98 1407.24 790.49 1.8 0.86 1.12 18.69 1.48 12.45 -3.05 2
Pedestrian 0 0 -10 858.41 345.87 913.3 450.11 1.49 0.79 0.77 -31.2 3.05 -1.17 -3.14 3
Pedestrian 0 0 -10 0 0 0 0 1.68 0.83 0.7 5.45 1.47 -73.35 1.5 0
Pedestrian 0 0 -10 1605.04 715.66 1698.49 908.21 1.75 0.67 0.65 6.99 2.35 19.55 -3.12 0
Car 0 0 -10 0 0 0 0 1.64 2.2 4.51 3.57 1.91 -61.5 -1.52 0
Car 0 0 -10 0 0 0 0 1.59 2.31 5.16 -1.36 1.76 -74.54 -1.56 0
Pedestrian 0 0 -10 0 0 0 0 1.54 0.87 0.6 6.77 1.4 -67.44 -1.58 0
