Car 0 0 -10 0 0 0 0 1.57 2.06 4.38 -35.92 2.44 -47.36 -0.93 0
Car 0 0 -10 1078.57 685.37 1321.65 837.72 1.62 2.22 5.03 2.92 2.07 25.86 -1.61 0
Car 0 0 -10 0 0 0 0 1.96 2.2 4.57 -10.97 2.04 -24.53 -0.34 0
Car 0 0 -10 0.0 812.31 1084.73 1280.0 1.45 2.1 4.64 -6.39 2.24 3.41 1.54 1
Car 0 0 -10 1270.34 673.89 1364.18 744.16 1.83 2.17 4.48 -35.15 3.01 48.77 -2.3 1
Car 0 0 -10 595.22 639.84 678.24 721.52 2.31 2.32 6.36 -9.37 1.89 62.01 1.44 0
Car 0 0 -10 870.89 715.12 1007.33 833.07 1.69 2.08 4.43 -25.65 3.11 24.47 -2.43 1
Car 0 0 -10 581.42 671.08 682.57 731.01 1.48 2.12 4.58 -8.47 1.95 55.27 1.53 0
Car 0 0 -10 809.53 633.43 880.4 706.62 2.16 1.93 4.11 -3.32 1.55 63.34 -1.68 0
Car 0 0 -10 0 0 0 0 1.5 2.06 4.34 -40.77 2.43 -52.92 -0.83 0
Car 0 0 -10 923.72 663.45 1000.78 708.76 1.36 1.84 4.32 0.27 1.69 65.85 -1.71 0
Car 0 0 -10 1153.2 682.12 1506.49 930.46 1.77 1.98 4.72 3.03 2.06 17.9 -1.61 0
Car 0 0 -10 241.48 635.06 525.95 823.81 2.2 2.44 5.87 -7.24 1.96 27.13 1.51 0
Car 0 0 -10 904.05 637.58 977.55 696.89 1.98 2.01 4.5 -0.45 1.44 71.58 -1.7 0
Car 0 0 -10 1010.13 672.38 1202.69 757.3 2.1 2.15 4.71 -36.68 3.1 41.42 -3.28 1
Car 0 0 -10 816.41 669.31 1005.38 830.06 1.83 2.2 4.89 -0.49 2.05 26.66 -1.57 0
Car 0 0 -10 611.64 650.56 679.14 705.93 1.81 2.16 4.74 -10.37 1.68 70.42 1.44 0
Car 0 0 -10 1045.25 674.53 1239.4 788.09 1.53 2.17 4.74 2.76 1.88 31.49 -1.65 0
Car 0 0 -10 1006.84 652.93 1135.08 752.45 1.88 2.08 4.85 2.31 1.88 41.83 -1.62 0
Car 0 0 -10 961.21 637.35 1106.53 734.35 2.17 2.4 6.34 1.84 1.81 49.71 -1.71 0
Car 0 0 -10 403.3 657.98 588.13 784.16 1.86 2.12 4.99 -7.25 1.92 33.46 1.51 0
Car 0 0 -10 0 0 0 0 3.32 3.12 7.31 -48.15 2.4 -55.33 -0.64 0
Car 0 0 -10 710.33 760.06 846.9 881.39 1.51 2.03 4.41 -25.71 3.59 21.11 -2.43 1
Car 0 0 -10 0 0 0 0 1.53 2.12 4.53 -48.0 2.54 -58.82 -0.64 0
Car 0 0 -10 0 0 0 0 2.05 2.08 4.16 6.09 -2.76 -75.85 -1.62 0
