Car 0 0 -10 624.66 688.75 789.34 792.05 1.62 2.22 5.03 -4.38 2.33 37.17 -1.83 0
Car 0 0 -10 0 0 0 0 1.96 2.2 4.57 -9.19 1.9 -16.17 -0.59 0
Car 0 0 -10 743.91 701.9 905.19 761.75 1.54 1.94 4.28 -44.93 3.46 39.03 -4.16 1
Car 0 0 -10 1153.35 729.15 1637.7 999.61 1.45 2.1 4.64 -8.74 2.29 13.25 1.32 1
Car 0 0 -10 184.34 680.43 271.43 733.18 1.48 2.12 4.58 -21.75 2.41 63.53 1.32 0
Car 0 0 -10 407.36 653.65 486.31 735.62 2.16 1.93 4.11 -13.7 2.23 57.18 -1.85 0
Car 0 0 -10 672.88 684.11 869.46 826.66 1.77 1.98 4.72 -2.6 2.26 29.4 -1.83 0
Car 0 0 -10 4.49 650.78 193.16 788.08 2.2 2.44 5.87 -14.59 2.2 36.26 1.3 0
Car 0 0 -10 830.2 675.38 1000.37 747.5 2.1 2.15 4.71 -46.39 3.33 44.0 -3.49 1
Car 0 0 -10 0 0 0 0 1.55 1.82 4.1 -40.46 1.68 -48.62 -4.08 0
Car 0 0 -10 0 0 0 0 1.53 1.92 4.2 -32.05 1.5 -34.22 -4.25 0
Car 0 0 -10 420.94 686.94 646.73 880.1 1.83 2.2 4.89 -4.7 2.27 23.21 -1.82 0
Car 0 0 -10 599.18 682.58 742.37 765.78 1.53 2.17 4.74 -5.73 2.2 42.64 -1.86 0
Car 0 0 -10 598.46 742.35 774.2 858.94 1.71 2.03 4.41 -30.25 3.72 22.81 -2.75 1
Car 0 0 -10 566.07 666.44 670.22 746.08 1.88 2.08 4.85 -8.36 2.27 52.64 -1.83 0
Car 0 0 -10 524.76 654.86 648.58 734.8 2.17 2.4 6.34 -10.48 2.27 60.25 -1.92 0
Car 0 0 -10 89.81 667.16 224.82 766.26 1.86 2.12 4.99 -15.93 2.21 42.44 1.3 0
Car 0 0 -10 0 0 0 0 1.55 2.12 4.62 -34.86 1.58 -39.33 -4.28 0
Car 0 0 -10 0 0 0 0 3.32 3.12 7.31 -37.15 1.84 -52.97 -0.86 0
Car 0 0 -10 726.31 742.23 874.93 837.77 1.51 2.03 4.41 -31.37 3.71 26.46 -2.64 1
Car 0 0 -10 0 0 0 0 1.64 1.78 3.63 -48.29 1.62 -56.2 -3.79 0
