Car 0 0 -10 0 0 0 0 1.51 2.19 4.61 45.25 0.54 -41.12 0.55 0
Car 0 0 -10 0 0 0 0 2.23 2.47 5.62 12.42 1.66 -22.04 -3.15 0
Car 0 0 -10 984.36 663.26 1104.37 752.16 1.54 2.0 4.2 1.73 1.83 39.77 -1.45 0
Car 0 0 -10 0 0 0 0 1.84 2.01 4.57 33.11 0.66 -24.7 -2.86 0
Car 0 0 -10 808.55 664.17 932.22 739.71 1.59 1.99 4.39 -1.98 1.97 47.86 -4.54 0
Car 0 0 -10 0 0 0 0 3.62 2.94 8.21 55.99 -0.37 -35.01 -2.61 0
Car 0 0 -10 0.0 803.41 17.44 1280.0 1.48 2.07 4.45 -4.23 2.09 4.22 -4.66 0
Car 0 0 -10 0 0 0 0 1.6 2.05 5.19 66.82 -0.8 -35.45 -3.08 0
Car 0 0 -10 0 0 0 0 3.41 3.43 12.66 -9.84 2.86 -78.77 -1.26 0
Car 0 0 -10 0 0 0 0 1.83 2.19 5.62 47.7 -0.0 -30.28 -2.66 0
Car 0 0 -10 1087.53 649.15 1167.49 707.47 1.66 2.0 4.41 5.22 1.64 62.64 -1.39 0
Car 0 0 -10 0 0 0 0 1.78 2.18 4.72 27.02 0.97 -23.26 -2.9 0
Car 0 0 -10 0 0 0 0 1.74 1.87 4.42 53.86 -0.28 -27.42 -2.68 0
Car 0 0 -10 0 0 0 0 1.97 2.15 4.65 -15.55 2.76 -62.61 -4.47 0
Car 0 0 -10 567.23 675.75 796.99 808.91 1.62 2.18 4.7 -3.82 2.06 29.31 -4.6 0
Car 0 0 -10 0 0 0 0 1.61 2.02 4.41 41.27 0.35 -27.42 -2.75 0
Car 0 0 -10 0 0 0 0 1.78 2.04 4.42 -11.73 2.59 -38.92 -4.54 0
Car 0 0 -10 0 0 0 0 1.88 1.96 4.23 19.96 1.3 -22.26 -3.05 0
