Car 0 0 -10 0 0 0 0 2.23 2.47 5.62 19.85 2.91 -67.8 -3.3 0
Cyclist 0 0 -10 714.72 641.07 736.79 693.15 1.65 0.62 1.79 -7.53 1.38 66.28 1.51 0
Car 0 0 -10 951.67 645.69 1048.01 717.73 1.54 2.0 4.2 0.92 1.48 47.23 -1.59 0
Car 0 0 -10 0 0 0 0 1.59 1.99 4.39 -2.76 2.79 -51.72 1.5 0
Car 0 0 -10 104.58 698.57 576.5 970.21 1.5 2.01 4.23 -4.22 1.92 14.46 -4.66 0
Car 0 0 -10 0 0 0 0 1.48 2.07 4.45 0.97 3.01 -58.2 1.46 0
Car 0 0 -10 0 0 0 0 3.41 3.43 12.66 8.21 3.31 -78.16 -1.61 0
Car 0 0 -10 914.34 628.65 985.2 680.5 1.66 2.0 4.41 -0.31 0.98 68.6 -1.65 0
Car 0 0 -10 0 0 0 0 1.62 2.18 4.7 -1.92 3.07 -71.36 1.54 0
Car 0 0 -10 0 0 0 0 1.88 1.96 4.23 27.02 2.74 -66.95 -3.2 0
Car 0 0 -10 717.49 633.04 844.4 729.88 1.92 2.31 5.09 -3.71 1.58 43.64 1.57 0
