Car 0 0 -10 345.37 691.04 495.14 792.3 1.87 1.94 4.48 -10.37 2.65 42.33 1.57 0
Car 0 0 -10 0 0 0 0 1.54 1.97 4.57 -14.42 2.12 -20.25 -4.67 0
Car 0 0 -10 0 0 0 0 1.57 2.13 4.45 -14.99 2.21 -36.7 -4.66 0
Car 0 0 -10 0 0 0 0 1.8 2.1 4.13 -0.61 1.94 -26.76 -1.52 0
Pedestrian 0 0 -10 1620.51 686.56 1672.46 759.34 1.67 0.84 1.16 16.72 2.42 48.65 -1.57 0
Car 0 0 -10 0 0 0 0 1.61 2.1 4.15 7.04 2.06 -16.32 -1.56 0
Car 0 0 -10 0.0 304.27 301.72 745.85 1.83 2.18 5.0 -10.63 2.19 -6.49 -4.69 3
Car 0 0 -10 0 0 0 0 1.66 1.83 4.14 -1.24 1.83 -35.69 -1.49 0
Car 0 0 -10 600.69 713.29 918.68 843.07 1.61 1.91 4.07 -22.26 2.7 17.48 -4.01 1
Car 0 0 -10 0 0 0 0 1.72 2.1 4.5 -12.8 1.7 -50.21 -4.63 0
Car 0 0 -10 0 0 0 0 1.55 1.83 4.14 -1.87 1.67 -45.61 -1.47 0
Car 0 0 -10 0 0 0 0 2.14 2.77 5.8 3.59 2.14 1.08 -1.57 0
Car 0 0 -10 0 0 0 0 1.54 2.13 4.7 6.27 1.94 -26.22 -1.54 0
Car 0 0 -10 1179.22 735.24 1475.65 939.37 1.48 1.88 4.5 3.45 2.31 19.03 -1.57 0
Car 0 0 -10 0 0 0 0 1.55 2.02 4.61 0.48 2.02 -17.37 -1.53 0
Car 0 0 -10 839.9 706.0 1075.74 906.46 1.71 2.15 4.49 0.2 2.29 21.13 -1.57 0
Car 0 0 -10 1347.68 308.03 1585.45 441.51 1.51 2.08 4.47 -28.28 2.59 6.18 -0.01 3
Car 0 0 -10 0 0 0 0 1.66 2.1 4.5 -16.04 2.0 -54.13 -4.64 0
Car 0 0 -10 1900.8 657.78 1920.0 815.01 1.8 2.14 4.66 28.4 1.81 7.75 -3.07 2
Pedestrian 0 0 -10 1344.3 664.98 1453.22 789.54 1.76 1.03 1.21 26.45 1.94 16.33 -3.02 2
Car 0 0 -10 1642.12 680.62 1920.0 1280.0 1.98 2.39 5.7 6.64 2.06 -0.39 -1.57 2
Car 0 0 -10 0.0 703.37 63.95 863.29 1.87 2.07 4.91 -13.8 2.59 28.06 1.57 0
Car 0 0 -10 533.83 677.39 638.3 753.27 2.07 2.17 5.3 -10.15 2.77 60.98 1.57 0
Car 0 0 -10 1494.34 730.47 1896.25 946.05 1.56 2.03 4.72 6.77 2.34 18.89 -1.57 0
Car 0 0 -10 1311.22 723.34 1782.22 947.84 1.64 2.09 4.73 -10.12 2.5 17.07 1.57 1
Car 0 0 -10 0 0 0 0 1.61 2.19 4.58 -11.14 1.96 -29.1 -4.67 0
Car 0 0 -10 0.0 625.63 715.67 1076.49 2.41 2.86 6.58 -13.81 2.39 5.91 1.56 1
Cyclist 0 0 -10 1535.99 726.96 1833.76 999.62 1.63 0.85 1.74 13.43 2.14 6.01 -4.66 2
