Car 0 0 -10 0 0 0 0 1.87 1.94 4.48 -10.53 2.22 -56.27 -4.7 0
Car 0 0 -10 1757.84 598.61 1867.15 653.28 1.79 2.07 4.43 71.4 -0.1 27.78 0.01 2
Car 0 0 -10 1819.74 603.02 1920.0 663.73 1.6 1.9 4.27 58.55 0.19 20.95 -0.09 2
Car 0 0 -10 0 0 0 0 1.8 2.1 4.13 0.21 2.01 -45.23 -1.56 0
Car 0 0 -10 350.56 194.51 421.19 260.54 2.18 2.26 4.99 71.48 0.01 21.31 -3.41 4
Pedestrian 0 0 -10 881.08 675.01 1005.97 831.23 1.67 0.84 1.16 16.64 1.96 16.21 -1.56 2
Car 0 0 -10 1909.54 589.23 1920.0 656.82 1.73 2.53 5.03 59.02 -0.02 18.48 -0.18 2
Car 0 0 -10 0 0 0 0 1.55 2.15 4.67 -10.22 2.24 -16.56 -4.71 0
Pedestrian 0 0 -10 1342.5 605.83 1374.67 692.95 1.91 0.89 0.64 39.51 0.88 25.48 -2.21 2
Car 0 0 -10 0 0 0 0 1.61 2.1 4.15 6.75 1.97 -29.05 -1.58 0
Car 0 0 -10 0 0 0 0 1.66 1.83 4.14 0.01 1.84 -57.92 -1.5 0
Car 0 0 -10 1223.12 686.44 1725.73 935.56 1.92 2.21 4.95 -10.69 2.42 16.61 1.57 1
Car 0 0 -10 0 0 0 0 1.55 1.83 4.14 -0.93 1.91 -76.02 -1.52 0
Car 0 0 -10 396.51 670.59 644.01 844.2 2.04 2.38 5.69 -5.39 2.27 28.03 1.53 0
Car 0 0 -10 1883.04 217.6 1920.0 886.0 2.14 2.77 5.8 3.51 2.09 -5.11 -1.57 4
Car 0 0 -10 0 0 0 0 1.54 2.13 4.7 6.65 1.82 -47.51 -1.57 0
Car 0 0 -10 1150.6 721.76 1416.01 907.52 1.48 1.88 4.5 3.29 2.22 20.36 -1.57 0
Car 0 0 -10 0 0 0 0 1.55 2.02 4.61 0.61 2.1 -33.24 -1.57 0
Car 0 0 -10 829.65 697.09 1035.43 870.22 1.71 2.15 4.49 -0.02 2.25 23.92 -1.57 0
Car 0 0 -10 0 0 0 0 1.51 2.08 4.47 -28.24 2.58 -37.02 -0.01 0
Car 0 0 -10 1584.72 591.51 1729.46 658.91 1.88 2.4 4.73 58.08 0.11 27.17 -0.04 2
Car 0 0 -10 0 0 0 0 1.8 2.14 4.66 19.86 1.57 -34.77 -3.08 0
Car 0 0 -10 0 0 0 0 1.84 2.17 4.44 -17.16 2.59 -12.31 -4.67 0
Pedestrian 0 0 -10 0 0 0 0 1.76 1.03 1.21 22.35 1.58 -26.22 -3.0 0
Car 0 0 -10 0 0 0 0 1.98 2.39 5.7 6.59 2.07 -7.04 -1.56 0
Car 0 0 -10 0 0 0 0 1.87 2.07 4.91 -14.41 2.08 -69.1 -4.69 0
Car 0 0 -10 0 0 0 0 2.07 2.17 5.3 -10.37 2.18 -36.24 -4.7 0
Car 0 0 -10 1521.12 728.35 1920.0 947.51 1.56 2.03 4.72 6.95 2.32 18.47 -1.57 0
Car 0 0 -10 609.74 669.2 689.98 726.2 1.98 2.33 5.02 -10.38 2.53 76.17 1.55 0
Cyclist 0 0 -10 0 0 0 0 1.63 0.85 1.74 16.48 1.55 -43.3 -0.36 0
