Car 0 0 -10 0.0 776.61 205.19 1280.0 1.54 2.16 5.24 -5.08 2.18 8.97 -1.57 0
Car 0 0 -10 1860.83 638.16 1920.0 1004.23 1.99 2.12 5.59 9.72 1.83 14.25 0.02 0
Car 0 0 -10 1189.33 677.13 1412.9 750.68 1.57 1.95 4.66 8.22 1.87 46.93 -0.01 0
Pedestrian 0 0 -10 0 0 0 0 1.68 0.92 1.35 -3.11 2.19 -50.25 -1.54 0
Car 0 0 -10 0.0 706.85 124.03 861.81 1.52 1.94 4.44 -11.32 2.02 22.61 -3.15 0
Car 0 0 -10 445.43 683.27 610.87 733.11 1.5 2.17 4.81 -12.84 2.11 66.49 -3.14 0
Car 0 0 -10 0 0 0 0 2.01 2.13 4.48 11.73 1.69 -67.92 0.01 0
Car 0 0 -10 114.77 8.97 1030.34 869.54 2.66 2.67 6.59 -9.93 2.04 -1.79 -0.1 3
Car 0 0 -10 665.04 688.97 740.85 745.18 1.56 1.94 4.03 -6.88 2.32 62.66 -1.6 0
Car 0 0 -10 0 0 0 0 2.02 2.88 6.22 -11.38 1.84 -9.02 -0.04 0
Car 0 0 -10 0 0 0 0 2.23 2.5 5.94 9.82 1.92 -37.1 -0.01 0
Car 0 0 -10 0.0 844.69 1221.39 1280.0 1.44 1.89 4.45 -5.01 2.15 2.52 1.55 1
Car 0 0 -10 0 0 0 0 1.59 2.09 4.87 -10.16 1.73 -33.95 -2.84 0
Car 0 0 -10 1345.84 696.11 1920.0 1268.22 1.68 1.82 4.12 8.45 1.89 3.5 -0.06 2
Car 0 0 -10 0 0 0 0 2.37 2.56 5.07 -4.4 2.08 -10.74 -1.6 0
Car 0 0 -10 0 0 0 0 2.02 2.49 5.04 3.4 2.09 -5.59 -1.58 0
Car 0 0 -10 227.06 686.8 447.54 763.42 1.56 1.83 4.23 -12.72 2.05 44.85 -3.19 0
Car 0 0 -10 447.35 667.11 631.14 731.89 2.06 2.38 5.64 -12.98 2.16 69.16 -3.17 0
Car 0 0 -10 0 0 0 0 1.46 1.98 4.45 4.05 2.1 -27.55 -1.6 0
Car 0 0 -10 1013.17 676.65 1189.63 820.07 1.96 2.13 4.8 2.45 2.17 31.71 -1.6 0
Car 0 0 -10 1105.58 546.36 1520.12 805.72 2.58 2.07 4.6 19.25 1.57 13.5 0.07 2
Car 0 0 -10 942.0 680.13 1023.31 746.23 1.82 2.13 4.87 1.41 2.3 61.95 -1.6 0
Car 0 0 -10 0.0 668.23 13.79 797.52 1.75 2.36 5.31 -16.39 1.82 30.01 -0.04 0
Car 0 0 -10 0.0 658.76 293.68 840.98 2.09 2.45 5.97 -11.17 2.03 25.64 -0.04 0
Car 0 0 -10 0.0 192.76 315.69 696.02 1.95 2.45 5.35 -10.67 1.89 -5.41 -3.2 3
Car 0 0 -10 300.15 684.71 518.62 757.09 1.56 1.91 4.51 -11.82 2.03 47.45 -3.2 0
Pedestrian 0 0 -10 165.66 672.59 191.32 753.07 1.76 0.53 0.59 -16.68 1.93 46.24 1.23 0
Car 0 0 -10 633.09 677.94 735.01 751.16 1.82 2.26 5.46 -6.69 2.21 56.56 -1.6 0
Car 0 0 -10 0 0 0 0 1.93 2.46 5.28 10.23 1.73 -16.14 0.0 0
Car 0 0 -10 0 0 0 0 2.18 2.64 5.95 19.83 1.73 -11.72 -0.05 0
Car 0 0 -10 693.17 678.13 757.17 729.38 1.7 1.98 4.43 -7.32 2.19 73.74 -1.61 0
