Car 0 0 -10 0.0 19.37 1429.87 1108.14 4.52 4.16 12.31 -11.71 1.89 8.08 1.56 1
Car 0 0 -10 0.0 212.78 76.9 279.05 1.82 2.22 5.16 -61.47 2.1 -28.2 -0.57 3
Car 0 0 -10 881.92 213.43 1193.82 327.89 1.8 2.08 4.93 -34.67 1.87 0.72 -1.57 3
Car 0 0 -10 1149.86 659.11 1310.14 729.57 2.01 2.13 4.48 8.72 1.85 61.63 0.04 0
Car 0 0 -10 0 0 0 0 1.88 2.45 6.39 -34.27 1.7 -27.37 1.49 0
Car 0 0 -10 1453.77 122.24 1920.0 817.58 1.98 2.34 5.77 8.86 1.79 -3.76 -0.02 4
Car 0 0 -10 78.34 186.61 207.88 275.41 2.53 2.77 7.31 -63.29 2.0 -25.36 -3.65 3
Car 0 0 -10 0 0 0 0 1.51 1.82 4.33 -40.23 1.74 -28.39 -4.71 0
Car 0 0 -10 873.88 212.16 1013.86 276.93 1.82 2.04 4.56 -62.52 1.92 -1.09 -2.59 3
Car 0 0 -10 718.96 206.47 875.24 283.09 2.26 2.18 5.06 -65.19 2.21 -5.66 0.58 3
Car 0 0 -10 0 0 0 0 2.56 2.68 8.9 -11.75 -0.13 -74.71 -4.69 0
Car 0 0 -10 0 0 0 0 2.09 2.07 5.01 8.98 1.88 -8.17 0.35 0
Car 0 0 -10 0.0 132.6 1149.89 603.85 2.32 2.7 6.5 -11.7 1.94 -2.77 -1.59 3
Car 0 0 -10 297.67 209.47 793.79 382.67 1.89 2.42 5.16 -25.08 1.94 -5.24 -1.36 3
Car 0 0 -10 0 0 0 0 1.59 1.99 4.66 9.07 1.78 -13.67 0.03 0
Car 0 0 -10 641.71 218.65 844.35 298.58 1.72 2.33 5.05 -49.5 2.0 -5.59 -2.67 3
Car 0 0 -10 774.07 205.02 947.25 277.05 2.06 2.36 5.72 -63.66 1.96 -3.6 0.56 3
Car 0 0 -10 416.53 186.07 812.42 350.3 2.17 2.35 5.0 -29.08 1.89 -5.08 -1.57 3
