Car 0 0 -10 489.42 605.0 781.88 755.78 1.81 1.93 3.81 -21.88 1.75 15.65 -3.13 1
Car 0 0 -10 480.84 658.51 598.58 712.64 1.28 1.81 4.17 -11.01 1.98 52.25 -4.63 0
Car 0 0 -10 0.0 362.48 222.55 753.49 1.46 2.17 5.01 -11.23 2.47 -7.48 1.57 3
Car 0 0 -10 0 0 0 0 1.79 2.28 4.96 -0.03 2.44 -36.57 -1.57 0
Car 0 0 -10 0 0 0 0 1.49 2.26 4.48 -11.2 2.92 -67.55 -4.67 0
Car 0 0 -10 0 0 0 0 1.93 2.15 5.25 -0.35 2.77 -73.34 -1.57 0
Car 0 0 -10 219.26 279.41 487.53 479.81 1.42 2.03 4.28 -18.88 2.21 -5.9 -3.33 3
Car 0 0 -10 823.48 678.93 1920.0 1280.0 1.75 2.08 4.14 6.33 1.94 3.92 -0.06 2
Car 0 0 -10 0 0 0 0 1.6 1.95 3.89 0.03 2.28 -14.85 -1.56 0
Pedestrian 0 0 -10 100.51 321.49 255.3 614.69 1.69 0.75 0.87 -12.99 2.46 -5.5 -0.61 3
Car 0 0 -10 335.51 711.42 1378.53 1277.48 1.63 1.86 3.9 5.85 2.01 6.27 -0.04 2
Car 0 0 -10 1829.48 765.81 1920.0 1280.0 1.43 2.02 4.36 7.12 1.94 1.43 -0.06 2
Car 0 0 -10 18.36 688.32 538.37 901.26 1.41 2.14 3.69 -15.95 2.13 7.68 1.55 1
Car 0 0 -10 137.02 631.94 368.53 717.91 1.89 2.12 4.54 -16.26 1.89 46.29 -3.12 0
Car 0 0 -10 1853.98 714.72 1920.0 1145.52 1.43 1.83 4.18 6.13 1.89 8.83 -0.18 0
Car 0 0 -10 1007.89 638.24 1361.17 770.91 1.52 2.11 4.74 -16.69 1.91 20.87 -4.71 1
Car 0 0 -10 1247.17 142.39 1920.0 886.0 2.17 2.21 4.86 6.99 1.97 -2.01 -3.1 4
Car 0 0 -10 0 0 0 0 1.53 2.09 4.64 -10.89 2.8 -62.99 -4.69 0
Car 0 0 -10 34.07 694.67 280.98 798.2 1.24 1.86 4.28 -11.42 2.17 28.78 -4.7 0
Car 0 0 -10 34.51 630.53 295.76 729.87 1.89 1.94 4.52 -15.91 1.86 40.22 -3.03 0
Car 0 0 -10 0.0 750.21 511.38 1141.92 1.47 2.31 4.66 -11.23 2.37 3.79 -4.7 1
