Car 0 0 -10 0 0 0 0 1.49 2.1 4.65 -6.6 2.26 -7.17 -4.68 0
Car 0 0 -10 407.75 619.01 617.35 761.45 1.99 2.1 5.28 -6.92 1.84 31.35 1.56 0
Car 0 0 -10 0 0 0 0 1.79 2.28 4.96 -3.05 2.11 -38.71 -1.42 0
Pedestrian 0 0 -10 0 0 0 0 1.73 1.05 1.3 -15.44 2.21 -30.56 -4.32 0
Car 0 0 -10 408.9 616.91 536.14 698.75 1.87 2.11 5.54 -12.07 1.57 49.81 1.5 0
Car 0 0 -10 577.57 618.91 667.33 663.04 1.49 2.26 4.48 -12.25 1.1 71.89 -4.68 0
Car 0 0 -10 0 0 0 0 1.93 2.15 5.25 -10.95 1.78 -70.64 -1.31 0
Car 0 0 -10 504.96 619.35 620.41 680.92 1.66 2.09 4.94 -11.56 1.37 58.07 -4.67 0
Car 0 0 -10 0.0 761.33 257.29 1280.0 1.47 2.15 4.7 -11.22 2.37 2.18 1.51 1
Car 0 0 -10 637.25 675.51 1518.2 1172.13 1.77 2.17 4.41 -6.71 2.16 7.53 1.56 1
Car 0 0 -10 0 0 0 0 1.6 1.95 3.89 -1.04 2.21 -14.89 -1.52 0
Car 0 0 -10 0 0 0 0 1.54 2.11 4.99 -17.5 2.21 -24.79 -3.18 0
Car 0 0 -10 0 0 0 0 1.57 2.14 4.49 -20.57 1.82 -40.51 -3.11 0
Car 0 0 -10 0 0 0 0 1.83 2.11 4.86 -14.48 2.26 -43.98 -4.56 0
Pedestrian 0 0 -10 0 0 0 0 1.65 0.78 0.9 -17.41 2.0 -51.56 -1.32 0
Car 0 0 -10 110.36 622.08 388.1 763.09 2.11 2.65 6.01 -11.73 2.0 33.65 1.55 0
Car 0 0 -10 0 0 0 0 1.46 1.84 4.39 -8.11 2.23 -29.05 -4.62 0
Car 0 0 -10 0.0 358.48 938.48 690.94 1.44 2.2 4.84 -11.23 2.37 -3.01 1.54 3
