Car 0 0 -10 388.28 733.61 1920.0 1280.0 1.69 2.06 5.08 4.73 2.11 4.2 -1.53 2
Car 0 0 -10 532.53 703.91 837.48 800.89 1.34 1.87 4.68 20.42 2.69 26.36 -3.15 2
Car 0 0 -10 0 0 0 0 1.3 2.04 4.49 -15.58 0.96 -49.51 -4.62 0
Car 0 0 -10 0 0 0 0 1.99 2.45 5.53 -10.03 1.62 -27.36 -4.67 0
Car 0 0 -10 0 0 0 0 1.62 1.99 4.7 -30.28 1.2 -24.21 -3.11 0
Car 0 0 -10 275.44 204.69 372.83 258.23 1.68 2.1 4.54 68.15 2.05 21.17 -3.22 4
Car 0 0 -10 1073.76 273.8 1199.02 352.92 1.67 2.39 5.76 -52.09 2.66 3.85 -0.04 3
Car 0 0 -10 1855.01 651.46 1920.0 742.78 1.64 1.92 4.64 41.19 2.08 13.96 -3.12 2
Car 0 0 -10 963.47 263.47 1176.24 427.16 1.86 2.39 5.79 -28.84 2.3 0.93 -0.03 3
Car 0 0 -10 1315.49 263.08 1439.39 340.4 2.02 2.28 5.83 -62.08 2.81 11.84 -0.04 3
Car 0 0 -10 0 0 0 0 1.88 2.08 4.4 -6.1 1.8 -17.4 -1.57 0
Car 0 0 -10 0.0 705.26 68.74 804.09 1.41 2.02 4.6 -37.11 2.51 12.55 -0.04 1
Car 0 0 -10 1219.92 279.8 1357.25 363.76 1.64 2.06 4.78 -47.68 2.67 6.95 -0.07 3
Car 0 0 -10 1071.03 719.33 1156.52 793.44 1.91 2.08 4.88 4.66 4.0 59.46 -1.57 0
Car 0 0 -10 0 0 0 0 1.84 2.27 5.89 -6.43 1.13 -38.16 -1.5 0
Car 0 0 -10 329.61 721.5 534.64 836.85 1.74 2.32 4.57 -8.85 3.09 36.08 -4.7 0
Car 0 0 -10 842.33 708.79 1048.81 889.56 1.74 2.08 4.91 -0.06 2.48 23.6 -1.58 0
Car 0 0 -10 0.0 690.17 6.72 749.26 1.75 2.1 4.92 -72.17 3.29 24.1 -3.2 1
Car 0 0 -10 1289.36 696.71 1552.41 880.47 1.95 2.34 5.65 5.68 2.58 25.71 -1.51 0
Car 0 0 -10 1325.05 279.29 1503.59 392.94 1.63 2.01 4.32 -35.23 2.38 7.08 -0.0 3
Car 0 0 -10 0 0 0 0 1.73 2.13 4.67 -5.75 2.01 -8.72 -1.56 0
Car 0 0 -10 1169.32 660.22 1373.85 748.93 1.79 2.12 4.86 36.39 2.55 26.51 -3.22 2
Car 0 0 -10 0 0 0 0 1.93 2.44 5.9 3.43 1.84 -11.93 -1.57 0
Car 0 0 -10 680.88 724.69 1813.36 1280.0 1.8 2.06 4.62 -5.23 2.19 6.87 -1.55 1
Car 0 0 -10 1188.52 739.72 1576.98 900.2 1.46 2.02 4.54 -13.26 2.58 19.55 1.57 1
Car 0 0 -10 817.65 679.6 1125.94 794.57 1.61 2.14 4.74 23.05 2.5 22.5 -3.15 2
Car 0 0 -10 703.7 231.98 917.02 428.97 1.88 2.08 4.68 22.29 2.18 1.79 -0.07 4
Car 0 0 -10 1085.27 673.08 1306.05 768.91 1.58 1.96 3.93 29.07 2.44 22.84 -3.17 2
Car 0 0 -10 367.27 204.31 474.12 277.64 1.84 2.15 4.7 54.97 2.08 14.54 -3.27 4
Car 0 0 -10 0 0 0 0 1.74 2.02 4.67 -13.88 1.6 -26.64 -4.68 0
Car 0 0 -10 0 0 0 0 1.39 2.13 5.37 -32.02 0.09 -50.04 -3.0 0
Car 0 0 -10 0 0 0 0 1.86 2.12 4.54 -0.8 0.24 -69.57 -1.41 0
Car 0 0 -10 871.44 691.55 1205.04 806.86 1.41 2.01 4.74 21.37 2.38 19.53 -3.14 2
Car 0 0 -10 0.0 721.4 33.62 776.7 1.68 2.01 4.56 -32.93 4.23 68.27 -0.02 0
Car 0 0 -10 1387.64 298.2 1640.23 439.64 1.56 2.08 4.87 -28.95 2.48 7.01 -0.01 3
Car 0 0 -10 196.68 730.32 371.75 821.26 1.54 1.93 4.66 -12.99 3.26 40.97 1.57 0
Car 0 0 -10 1204.44 678.02 1412.8 862.66 1.85 1.08 2.38 18.46 2.42 12.95 -3.15 2
Car 0 0 -10 10.39 697.98 262.3 825.42 1.63 1.97 4.08 -30.65 2.47 12.96 -0.03 1
Car 0 0 -10 0 0 0 0 1.63 2.0 4.6 3.44 1.38 -29.98 -1.55 0
Car 0 0 -10 0 0 0 0 2.2 2.35 5.28 -9.15 0.56 -65.82 -1.43 0
Car 0 0 -10 1409.06 656.5 1719.94 810.73 1.87 2.18 4.87 25.49 2.28 13.63 -3.19 2
Car 0 0 -10 0 0 0 0 1.81 2.03 5.29 -13.38 2.14 -10.63 -4.71 0
Car 0 0 -10 0 0 0 0 2.38 2.7 3.56 -6.79 0.96 -43.82 -1.47 0
Car 0 0 -10 907.42 675.05 1161.14 776.97 1.75 2.09 4.72 28.39 2.71 26.12 -3.14 2
Car 0 0 -10 1676.51 678.7 1919.41 781.91 1.48 2.22 4.71 32.75 2.3 13.43 -3.18 2
Car 0 0 -10 1137.52 291.08 1288.73 389.54 1.48 2.09 5.26 -38.91 2.58 4.16 -0.01 3
Car 0 0 -10 0 0 0 0 1.82 2.28 5.2 -34.98 0.53 -65.28 0.19 0
Car 0 0 -10 0 0 0 0 1.55 1.94 4.49 -31.2 1.0 -35.72 0.11 0
Car 0 0 -10 1177.11 302.02 1363.4 417.34 1.28 1.99 4.38 -29.4 2.28 3.8 0.02 3
Car 0 0 -10 0 0 0 0 1.63 2.04 4.07 -6.27 1.61 -26.29 -1.55 0
Car 0 0 -10 1491.78 267.34 1677.81 369.44 1.9 2.2 5.3 -45.01 2.56 12.83 -0.04 3
Car 0 0 -10 959.45 260.46 1053.94 313.16 1.57 2.49 5.91 -71.49 2.43 1.16 0.14 3
Car 0 0 -10 439.79 710.66 545.25 777.45 1.74 2.07 4.41 -13.01 3.61 59.49 1.55 0
Car 0 0 -10 1417.66 286.14 1539.15 361.26 1.62 1.86 4.51 -52.32 2.87 12.42 -0.01 3
Car 0 0 -10 903.86 712.72 989.28 767.69 1.43 2.38 4.83 -0.14 3.38 60.71 -1.6 0
Car 0 0 -10 1663.2 653.53 1796.77 706.66 1.5 2.09 4.52 59.14 2.27 26.55 -3.15 2
Car 0 0 -10 0 0 0 0 1.5 2.08 4.97 2.76 0.98 -44.0 -1.49 0
Car 0 0 -10 0 0 0 0 1.4 2.05 4.56 8.84 2.02 -7.02 -1.33 0
Car 0 0 -10 297.1 220.1 455.65 290.84 1.52 2.23 4.97 47.69 2.1 13.63 -3.14 4
