Car 0 0 -10 0 0 0 0 1.71 1.95 4.33 -39.22 1.45 -50.53 -0.02 0
Car 0 0 -10 1394.61 686.69 1504.9 756.65 1.69 2.06 5.08 12.95 2.7 53.95 -1.48 0
Car 0 0 -10 460.78 671.48 722.83 813.82 2.13 2.22 5.56 -29.96 2.64 20.43 -2.98 1
Car 0 0 -10 1571.79 291.44 1690.59 339.25 0.89 1.8 3.92 -48.44 2.16 15.25 0.09 3
Car 0 0 -10 0 0 0 0 1.64 2.14 4.99 26.93 1.25 -15.81 -3.1 0
Car 0 0 -10 0 0 0 0 1.48 1.94 4.28 43.93 0.98 -47.07 0.07 0
Car 0 0 -10 0 0 0 0 1.9 2.35 5.55 -58.54 2.01 -47.44 0.09 0
Car 0 0 -10 0 0 0 0 1.86 2.1 4.67 -52.81 2.6 -47.57 -3.06 0
Car 0 0 -10 248.91 240.72 412.46 304.86 1.41 2.2 4.77 -51.3 1.58 -15.72 -3.06 3
Pedestrian 0 0 -10 318.81 129.26 361.43 184.2 1.62 1.0 1.0 63.01 -0.39 18.86 -1.59 4
Car 0 0 -10 1439.71 170.79 1605.62 269.45 1.84 2.16 4.97 41.33 0.96 -11.14 -3.11 4
Car 0 0 -10 799.59 156.85 894.88 217.52 1.68 2.0 4.48 61.1 0.31 3.35 0.13 4
Car 0 0 -10 1845.22 596.87 1920.0 723.1 1.91 2.08 4.88 35.39 1.47 11.7 0.06 2
Car 0 0 -10 964.43 275.99 1089.58 378.62 1.48 1.88 3.99 -35.04 2.19 0.91 0.08 3
Car 0 0 -10 0.0 267.22 134.45 383.44 1.81 2.05 4.56 -37.26 2.48 -17.08 0.05 3
Car 0 0 -10 0 0 0 0 1.51 1.96 4.67 14.63 1.57 -71.89 -2.84 0
Car 0 0 -10 117.12 246.0 277.83 305.39 1.43 2.3 5.13 -56.77 1.79 -21.04 0.05 3
Car 0 0 -10 1250.68 172.79 1320.82 234.68 1.87 1.85 4.42 65.04 0.63 -10.14 -3.06 4
Car 0 0 -10 512.16 157.48 642.69 225.29 1.64 2.05 4.5 53.32 0.6 9.81 0.11 4
Car 0 0 -10 1445.22 673.54 1658.05 788.44 1.93 2.44 5.9 10.97 2.41 38.29 -1.53 0
Car 0 0 -10 0 0 0 0 1.58 2.14 4.58 44.97 1.22 -36.19 -3.03 0
Car 0 0 -10 1237.45 285.88 1333.79 343.32 1.1 1.94 4.25 -48.52 2.28 7.24 -3.05 3
Car 0 0 -10 1349.3 298.08 1439.62 354.93 1.11 1.64 3.85 -49.3 2.58 9.95 0.09 3
Car 0 0 -10 1011.73 177.66 1325.54 292.76 1.85 2.2 4.93 35.63 1.31 -3.55 -0.98 4
Car 0 0 -10 754.1 151.72 876.57 239.19 1.99 2.23 4.69 49.78 0.79 3.45 0.08 4
Car 0 0 -10 1053.92 161.3 1134.99 217.93 1.55 2.04 5.15 61.06 0.18 -3.95 0.13 4
Car 0 0 -10 1502.81 614.86 1775.89 718.22 1.58 2.07 4.92 32.16 1.43 15.91 -3.06 2
Car 0 0 -10 595.37 691.66 974.56 905.89 1.85 2.15 4.84 -17.04 2.41 13.86 0.28 1
Car 0 0 -10 1541.16 181.96 1655.8 248.75 1.84 2.05 4.68 59.65 0.8 -18.33 -3.11 4
Car 0 0 -10 1798.38 210.69 1920.0 349.11 1.66 2.2 4.78 26.97 1.47 -13.01 -3.1 4
Car 0 0 -10 949.41 170.04 1049.13 240.68 1.58 2.08 4.22 48.72 0.73 -0.93 -3.06 4
Car 0 0 -10 0 0 0 0 2.05 2.37 5.98 39.84 1.0 -24.77 0.03 0
Car 0 0 -10 706.6 165.52 826.29 256.34 1.75 1.79 4.3 42.37 1.02 3.92 0.05 4
Car 0 0 -10 1122.57 276.52 1212.88 336.16 1.15 1.89 4.82 -48.57 2.12 4.6 -3.01 3
Car 0 0 -10 833.45 182.43 1003.92 295.82 1.45 1.99 4.55 29.02 1.16 0.49 -3.08 4
Car 0 0 -10 0 0 0 0 1.77 2.29 4.92 45.79 1.76 -30.89 -3.03 0
Car 0 0 -10 1573.55 181.16 1739.04 274.88 1.75 2.0 4.55 41.12 1.01 -13.77 0.05 4
Car 0 0 -10 1182.96 155.82 1281.36 239.21 1.81 2.12 4.27 47.27 0.58 -6.14 0.11 4
Car 0 0 -10 0.0 709.57 103.54 1265.79 1.87 2.13 4.34 -6.68 2.25 11.18 -4.62 0
Car 0 0 -10 1516.3 179.76 1657.83 261.51 1.75 2.14 4.75 46.93 0.9 -14.14 -3.06 4
Car 0 0 -10 1304.77 186.91 1435.92 268.67 1.55 2.02 4.85 41.96 1.02 -8.23 -3.07 4
Car 0 0 -10 1371.56 178.12 1620.42 316.93 1.69 2.21 4.85 27.83 1.22 -7.09 -3.12 4
Car 0 0 -10 0 0 0 0 2.08 2.42 5.74 -39.06 1.53 -45.32 0.04 0
Car 0 0 -10 1322.74 295.49 1449.99 383.36 1.24 1.67 3.56 -35.11 2.26 6.84 0.08 3
Car 0 0 -10 1173.5 154.94 1245.12 219.75 1.79 2.0 4.48 60.62 0.18 -7.27 0.13 4
Car 0 0 -10 0 0 0 0 1.55 2.17 4.85 64.23 0.68 -32.27 -3.06 0
Car 0 0 -10 465.25 136.68 591.25 207.72 1.98 2.07 4.92 62.49 0.19 12.99 -2.99 4
Car 0 0 -10 581.98 195.22 839.26 288.11 1.6 1.97 4.27 37.24 1.47 4.44 -1.5 4
Car 0 0 -10 1331.75 172.97 1416.71 230.3 1.73 2.12 4.6 65.38 0.44 -12.98 -3.06 4
Car 0 0 -10 775.93 265.0 902.87 328.81 1.3 2.1 4.82 -49.64 2.03 -3.12 -3.01 3
Car 0 0 -10 0 0 0 0 1.81 1.86 4.25 -37.84 2.04 -22.54 0.05 0
Car 0 0 -10 917.27 178.43 1024.7 262.05 1.59 1.93 4.61 41.97 1.05 -0.26 0.05 4
Car 0 0 -10 190.92 255.04 421.04 375.51 1.87 2.3 4.83 -37.11 2.29 -11.78 0.06 3
Car 0 0 -10 705.91 262.27 793.25 305.31 1.23 2.11 4.87 -68.88 2.14 -7.28 -3.09 3
Car 0 0 -10 1090.18 707.2 1492.71 850.06 1.53 2.17 4.79 -15.77 2.39 21.28 -3.72 1
Car 0 0 -10 0 0 0 0 1.37 2.01 4.81 -53.3 1.4 -41.69 -3.06 0
Car 0 0 -10 0 0 0 0 1.42 2.03 4.64 -54.07 1.66 -54.45 -3.09 0
Car 0 0 -10 0 0 0 0 1.54 2.07 4.4 42.79 0.78 -60.71 -0.0 0
Car 0 0 -10 1268.97 183.46 1353.27 246.79 1.74 2.0 4.57 59.47 0.9 -10.0 -3.06 4
Car 0 0 -10 1766.64 180.76 1920.0 268.15 1.86 2.31 4.96 46.43 0.92 -20.06 -3.04 4
Car 0 0 -10 1073.75 164.13 1166.61 240.77 1.68 2.04 4.22 47.76 0.67 -3.67 -3.06 4
Car 0 0 -10 1041.92 203.32 1205.59 315.62 1.41 2.07 4.04 28.24 1.33 -2.17 -3.1 4
Car 0 0 -10 1039.98 179.01 1161.31 262.86 1.57 2.28 4.99 41.56 1.0 -2.82 0.07 4
Car 0 0 -10 1629.75 199.61 1748.52 250.55 1.4 2.0 4.59 59.5 0.79 -20.92 -3.11 4
