Car 0 0 -10 0 0 0 0 2.2 2.08 5.32 -27.24 2.29 -54.44 -3.29 0
Car 0 0 -10 0 0 0 0 1.45 1.8 4.2 -19.92 2.53 -20.0 -0.22 0
Car 0 0 -10 239.61 640.27 463.47 735.93 2.01 2.13 4.42 23.37 1.9 41.03 -1.91 2
Car 0 0 -10 1880.87 645.19 1920.0 745.22 1.83 2.17 4.5 20.55 1.74 40.06 1.31 0
Car 0 0 -10 580.68 647.24 918.96 767.55 2.06 2.2 6.33 -30.49 1.91 24.75 -1.59 1
Car 0 0 -10 0 0 0 0 1.46 1.94 4.62 -30.73 2.14 -31.59 -3.26 0
Car 0 0 -10 1218.07 280.7 1293.67 326.82 1.39 1.84 4.33 -69.33 2.41 9.69 0.29 3
Car 0 0 -10 866.87 246.41 1038.03 305.68 1.58 1.94 4.29 57.36 1.86 0.06 1.14 4
Car 0 0 -10 424.11 234.6 630.34 313.92 1.84 2.18 4.46 50.44 1.87 10.31 1.11 4
Car 0 0 -10 553.67 251.68 813.55 351.09 1.77 2.02 4.42 39.03 2.09 5.02 -1.98 4
Car 0 0 -10 919.56 644.35 1071.88 706.29 1.85 2.12 4.26 46.51 1.78 43.27 -2.06 2
Car 0 0 -10 1912.03 642.05 1920.0 699.95 1.8 2.25 4.97 70.4 1.56 21.76 -2.1 2
Car 0 0 -10 928.2 246.21 1111.33 306.6 1.54 2.05 4.4 55.11 1.79 -1.73 1.08 4
Car 0 0 -10 0 0 0 0 1.56 1.94 4.62 -29.75 2.17 -39.66 -3.28 0
Car 0 0 -10 701.84 287.15 1088.24 405.54 1.46 2.19 4.86 28.53 2.18 0.77 -1.88 4
Car 0 0 -10 0 0 0 0 1.58 1.92 4.14 16.56 2.23 -23.74 -3.31 0
Car 0 0 -10 1223.25 268.35 1329.25 359.76 1.86 2.06 4.94 -46.66 2.27 6.85 0.08 3
Car 0 0 -10 0 0 0 0 1.46 1.91 4.03 -19.65 2.12 -22.67 -0.16 0
Car 0 0 -10 0 0 0 0 1.39 1.73 4.48 22.3 2.14 -59.66 -3.31 0
Car 0 0 -10 645.05 222.19 829.48 282.41 2.0 2.58 5.81 72.03 1.59 7.51 -2.21 4
Pedestrian 0 0 -10 302.37 643.04 355.5 728.9 1.78 0.91 0.71 21.96 1.72 39.45 -3.97 2
Car 0 0 -10 0 0 0 0 1.47 1.59 3.79 -26.89 2.13 -64.13 -3.29 0
Car 0 0 -10 0 0 0 0 1.58 1.9 4.4 -18.16 2.25 -33.58 -0.14 0
Car 0 0 -10 0 0 0 0 1.5 1.98 4.82 -21.33 2.44 -17.47 -0.24 0
Car 0 0 -10 725.56 232.27 879.31 288.78 1.77 2.21 4.44 67.45 1.68 4.94 0.99 4
