Car 0 0 -10 0 0 0 0 1.45 1.8 4.2 16.24 2.0 -42.58 -1.28 0
Car 0 0 -10 1273.75 670.7 1631.02 834.25 2.01 2.13 4.42 -16.03 2.16 24.77 -2.97 1
Car 0 0 -10 1117.07 675.8 1474.85 835.47 1.83 2.17 4.5 -16.61 2.06 22.0 0.25 1
Car 0 0 -10 0 0 0 0 2.06 2.2 6.33 -28.05 1.04 -30.06 -2.66 0
Car 0 0 -10 0 0 0 0 1.46 1.94 4.62 21.21 1.73 -57.74 -4.33 0
Car 0 0 -10 866.87 716.01 1055.29 788.24 1.58 1.94 4.29 36.28 3.31 34.66 0.08 2
Car 0 0 -10 426.8 697.39 687.38 800.74 1.84 2.18 4.46 23.91 2.9 33.63 0.04 2
Car 0 0 -10 843.3 720.41 1156.16 854.71 1.77 2.02 4.42 22.99 2.93 21.11 -3.05 2
Car 0 0 -10 522.62 687.04 735.99 775.79 1.85 2.12 4.26 -6.76 2.68 46.12 -3.13 0
Car 0 0 -10 1716.69 700.42 1920.0 770.4 1.8 2.25 4.97 23.58 3.15 56.64 -3.16 0
Car 0 0 -10 963.46 714.54 1157.77 787.96 1.54 2.05 4.4 36.7 3.18 31.87 0.02 2
Car 0 0 -10 0 0 0 0 1.56 1.94 4.62 28.68 1.61 -60.74 -4.35 0
Car 0 0 -10 1450.28 763.53 1905.66 935.39 1.46 2.19 4.86 21.57 2.79 9.88 -2.94 2
Car 0 0 -10 1518.47 693.06 1705.34 750.96 1.87 2.14 5.57 22.3 3.3 70.8 -3.26 0
Car 0 0 -10 569.07 694.51 714.43 746.56 1.62 2.03 4.53 -9.65 3.07 68.24 -3.28 0
Car 0 0 -10 1526.55 300.79 1777.17 398.4 1.58 1.92 4.14 37.19 2.65 -12.52 -4.37 4
Car 0 0 -10 0 0 0 0 1.86 2.06 4.94 -20.13 1.05 -52.76 -0.98 0
Car 0 0 -10 0 0 0 0 1.46 1.91 4.03 18.64 1.85 -43.69 -1.22 0
Car 0 0 -10 1609.95 289.11 1750.19 332.59 1.39 1.73 4.48 71.44 2.99 -24.99 -4.37 4
Car 0 0 -10 465.46 687.92 673.44 760.48 2.0 2.58 5.81 36.78 3.31 51.1 -3.27 2
Pedestrian 0 0 -10 1357.97 684.28 1443.41 824.61 1.78 0.91 0.71 -15.53 2.07 22.98 1.21 1
Car 0 0 -10 1551.03 693.7 1768.46 752.05 1.8 2.49 6.18 22.96 3.2 68.02 -3.28 0
Car 0 0 -10 0 0 0 0 1.58 1.9 4.4 28.95 1.9 -47.64 -1.21 0
Car 0 0 -10 0 0 0 0 1.5 1.98 4.82 13.28 1.98 -42.54 -1.31 0
Car 0 0 -10 597.94 697.92 770.85 765.99 1.77 2.21 4.44 36.88 3.29 45.9 -0.07 2
