Car 0 0 -10 875.93 685.47 1013.24 790.36 1.59 2.16 4.94 -0.18 2.31 35.27 -1.57 0
Car 0 0 -10 1117.24 702.48 1354.32 859.9 1.62 2.21 5.25 3.28 2.38 25.44 -1.57 0
Car 0 0 -10 810.18 677.94 905.74 757.75 1.74 2.13 4.41 -2.34 2.54 48.65 -1.63 0
Car 0 0 -10 618.29 204.0 718.52 281.42 2.05 2.03 4.48 58.41 1.78 9.08 0.03 4
Car 0 0 -10 148.71 674.91 368.12 772.35 1.78 2.24 4.93 -40.79 2.75 19.81 -0.01 1
Car 0 0 -10 1191.13 678.02 1322.35 723.36 1.51 2.12 4.77 59.19 2.23 44.39 -3.14 2
Car 0 0 -10 1542.11 276.52 1741.05 388.03 1.89 2.06 4.87 -39.92 2.7 11.99 -3.17 3
Car 0 0 -10 0 0 0 0 1.8 2.28 4.76 -54.44 2.11 -53.68 -3.05 0
Car 0 0 -10 100.26 284.48 286.48 363.44 1.34 2.02 4.17 -40.69 2.36 -15.29 0.01 3
Car 0 0 -10 663.85 694.63 899.31 870.6 1.8 2.05 4.97 16.3 2.35 19.29 -0.7 2
Car 0 0 -10 0 0 0 0 1.51 2.11 4.96 -13.83 2.18 -27.93 -4.71 0
Car 0 0 -10 0 0 0 0 1.53 2.18 4.8 -41.32 1.78 -53.72 0.0 0
Car 0 0 -10 224.84 258.19 373.8 330.6 1.71 2.07 4.89 -53.98 2.34 -17.56 -3.1 3
Car 0 0 -10 0.0 671.62 126.79 779.55 1.81 2.29 5.16 -40.76 2.68 14.79 -0.06 1
Car 0 0 -10 1012.5 271.72 1099.34 339.85 1.55 2.07 4.98 -53.28 2.51 1.58 -3.12 3
Car 0 0 -10 0 0 0 0 3.4 3.19 12.61 6.6 1.57 -54.5 -1.57 0
Car 0 0 -10 184.95 669.69 334.63 732.98 1.55 1.92 4.67 -53.44 2.66 26.02 -3.15 1
Pedestrian 0 0 -10 0 0 0 0 1.55 0.95 0.97 19.84 1.82 -68.75 1.55 0
Car 0 0 -10 313.06 226.87 482.05 337.86 2.64 2.39 6.75 -53.39 2.44 -14.83 -3.14 3
Car 0 0 -10 379.85 667.55 545.26 724.25 1.5 2.05 4.87 -53.54 2.6 32.25 -0.12 1
Car 0 0 -10 592.04 673.54 805.94 751.27 1.7 2.29 5.16 -40.93 2.75 31.09 -0.06 1
