Car 0 0 -10 877.22 698.7 1013.33 804.71 1.59 2.16 4.94 -0.17 2.56 35.57 -1.57 0
Car 0 0 -10 1298.4 724.52 1670.4 880.27 1.51 2.06 4.75 -13.4 2.64 21.6 1.57 1
Car 0 0 -10 1072.13 696.47 1208.28 791.93 1.62 2.21 5.25 3.46 2.67 40.0 -1.56 0
Car 0 0 -10 0 0 0 0 1.74 2.13 4.41 -29.78 1.89 -35.59 -3.13 0
Car 0 0 -10 175.47 672.18 449.37 774.29 2.2 2.54 5.84 -14.87 2.85 48.18 0.44 0
Car 0 0 -10 1297.93 668.61 1477.71 728.11 1.97 2.38 5.66 -41.33 3.13 61.08 -1.16 1
Car 0 0 -10 1212.5 669.96 1396.55 729.51 2.04 2.3 6.12 -44.79 3.3 61.03 -1.16 1
Pedestrian 0 0 -10 1452.45 674.94 1525.65 799.98 2.03 0.87 0.79 -18.69 2.67 30.25 -1.59 1
Pedestrian 0 0 -10 1487.14 692.65 1570.39 791.04 1.68 0.87 1.26 -19.43 2.68 32.78 -4.71 1
Car 0 0 -10 0.0 682.65 133.43 743.53 1.87 2.37 5.09 -29.22 3.1 66.29 -0.02 0
Car 0 0 -10 0 0 0 0 3.4 3.19 12.61 6.78 1.26 -62.85 -1.57 0
Car 0 0 -10 0 0 0 0 1.57 1.97 4.69 -33.82 1.76 -43.77 0.02 0
Car 0 0 -10 1470.43 662.6 1706.84 752.35 2.23 2.5 5.57 -28.5 2.96 51.35 -0.0 1
Car 0 0 -10 0.0 681.02 99.27 745.22 1.89 2.3 5.14 -29.2 3.02 63.46 -0.01 0
Car 0 0 -10 0.0 685.13 54.59 753.52 1.92 2.3 5.28 -29.46 3.12 60.66 -0.02 0
Car 0 0 -10 1369.06 666.79 1554.0 727.73 1.95 2.29 5.67 -38.18 3.0 60.69 -1.16 1
