Car 0 0 -10 1202.72 666.6 1680.44 801.39 1.7 2.43 5.96 6.64 1.95 28.51 -3.14 0
Car 0 0 -10 0 0 0 0 2.29 2.79 6.16 5.49 1.81 -14.18 -3.21 0
Car 0 0 -10 391.85 681.82 584.9 749.47 1.65 1.85 4.48 -11.68 2.47 53.42 -3.09 0
Car 0 0 -10 0 0 0 0 2.17 2.36 4.88 -21.67 1.57 -54.16 -3.08 0
Car 0 0 -10 649.4 668.57 767.18 751.84 1.93 2.21 5.21 -5.79 2.39 51.43 -1.56 0
Car 0 0 -10 339.9 683.11 550.66 746.3 1.46 1.9 4.64 -12.19 2.27 50.97 -3.09 0
Car 0 0 -10 0 0 0 0 2.05 2.05 4.33 -8.1 1.98 -19.5 -4.68 0
Car 0 0 -10 820.58 647.63 1416.4 1107.26 2.09 2.74 5.58 0.87 2.12 12.45 -1.54 0
Car 0 0 -10 1300.76 655.96 1648.06 786.81 1.88 2.13 4.78 7.99 1.99 31.88 0.01 0
Car 0 0 -10 940.18 664.25 1107.41 791.46 1.71 2.27 4.95 1.25 1.93 30.94 -1.5 0
Car 0 0 -10 0 0 0 0 2.25 2.63 6.32 -14.13 1.84 -31.33 -3.11 0
Car 0 0 -10 0 0 0 0 1.46 2.08 4.7 -0.17 1.92 -26.46 -1.54 0
Car 0 0 -10 0 0 0 0 1.56 2.24 4.62 -8.49 1.98 -25.78 -4.69 0
Car 0 0 -10 394.35 656.13 860.47 809.77 1.49 2.04 4.64 13.8 1.86 18.51 0.05 2
Car 0 0 -10 688.27 693.08 786.73 747.24 1.4 2.2 5.12 -5.88 2.65 59.45 -1.56 0
Car 0 0 -10 0 0 0 0 1.88 1.97 4.63 6.93 1.76 -37.31 -0.01 0
Pedestrian 0 0 -10 0 0 0 0 1.02 0.36 0.45 11.92 1.6 -7.73 -3.12 0
Car 0 0 -10 0 0 0 0 1.49 2.1 4.85 7.67 1.73 -11.16 -3.16 0
Car 0 0 -10 0 0 0 0 1.67 2.03 4.42 -0.37 1.56 -45.41 -1.54 0
Car 0 0 -10 0 0 0 0 1.78 1.99 4.51 -14.68 1.52 -74.58 -3.1 0
Car 0 0 -10 0 0 0 0 2.18 2.55 5.53 -14.28 1.68 -34.58 -3.1 0
Car 0 0 -10 0 0 0 0 1.74 2.24 5.37 -15.67 1.56 -56.19 0.04 0
Pedestrian 0 0 -10 0 0 0 0 1.3 0.52 0.64 11.95 1.59 -9.03 0.74 0
Car 0 0 -10 0 0 0 0 1.58 2.17 4.62 15.23 1.47 -11.89 -0.01 0
Car 0 0 -10 1622.35 659.86 1920.0 790.81 1.64 3.52 6.36 12.91 1.8 28.31 -3.11 0
