Car 0 0 -10 1146.33 654.13 1394.11 742.55 2.29 2.79 6.16 8.76 2.43 56.68 -3.23 0
Car 0 0 -10 688.24 626.63 1124.32 837.23 2.17 2.36 4.88 -17.85 1.89 16.3 -3.1 1
Car 0 0 -10 0 0 0 0 2.11 2.2 5.3 -11.3 1.78 -25.62 -3.17 0
Car 0 0 -10 695.75 664.08 799.87 752.18 2.05 2.05 4.33 -4.8 2.39 51.18 -4.7 0
Car 0 0 -10 0 0 0 0 1.4 2.03 4.53 14.78 1.25 -58.08 -3.09 0
Car 0 0 -10 0 0 0 0 1.24 1.73 3.75 10.96 1.61 -68.76 -0.03 0
Car 0 0 -10 185.57 643.48 563.96 770.5 2.25 2.63 6.32 -10.6 2.14 39.23 -3.12 0
Car 0 0 -10 1042.13 688.15 1154.09 764.1 1.46 2.08 4.7 3.16 2.29 44.15 -1.56 0
Car 0 0 -10 632.68 683.32 764.94 762.56 1.56 2.24 4.62 -5.22 2.28 44.74 -4.71 0
Car 0 0 -10 0 0 0 0 1.62 2.08 4.91 -11.51 1.78 -68.53 0.02 0
Car 0 0 -10 1428.74 660.57 1750.91 783.22 1.88 1.97 4.63 10.34 2.06 33.58 -0.02 0
Car 0 0 -10 86.19 689.49 419.52 785.15 1.41 2.33 4.53 -10.95 2.04 33.36 0.01 0
Car 0 0 -10 0 0 0 0 1.67 1.83 4.42 6.25 1.64 -68.56 -0.0 0
Car 0 0 -10 1232.25 682.93 1416.27 738.1 1.49 2.1 4.85 10.8 2.45 59.68 -3.17 0
Car 0 0 -10 0 0 0 0 1.5 2.09 4.45 -5.41 1.81 -42.23 -4.67 0
Car 0 0 -10 1114.09 697.58 1326.19 856.88 1.67 2.03 4.42 3.19 2.28 25.11 -1.56 0
Car 0 0 -10 0 0 0 0 1.95 2.42 5.52 8.32 1.82 -25.42 -0.03 0
Car 0 0 -10 0.0 285.21 496.23 773.74 1.78 1.99 4.51 -10.5 1.94 -4.02 -3.11 3
Car 0 0 -10 0 0 0 0 1.52 1.86 4.46 -10.85 1.88 -7.11 -3.05 0
Car 0 0 -10 128.43 642.68 496.44 776.33 2.18 2.55 5.53 -10.84 2.07 36.14 -3.12 0
Car 0 0 -10 896.03 676.57 1531.98 914.48 1.74 2.24 5.37 -11.96 2.01 14.38 0.03 1
Car 0 0 -10 1504.05 677.82 1689.87 736.49 1.58 2.17 4.62 18.46 2.37 59.11 -0.03 0
Car 0 0 -10 0 0 0 0 1.74 2.08 5.4 16.73 1.3 -74.51 1.55 0
Car 0 0 -10 0 0 0 0 1.54 1.93 4.16 -4.44 1.48 -75.27 -4.67 0
