Pedestrian 0 0 -10 497.47 657.24 645.55 846.83 1.76 1.05 0.95 11.83 2.01 17.08 -4.64 2
Car 0 0 -10 510.73 328.85 805.04 443.86 1.76 2.25 4.68 -35.92 3.32 -5.61 1.51 3
Car 0 0 -10 0 0 0 0 1.75 2.12 4.53 -17.2 1.99 -67.92 1.54 0
Car 0 0 -10 946.36 352.69 1046.27 441.06 1.47 1.93 4.48 -43.62 3.89 0.11 0.0 3
Car 0 0 -10 0.0 393.62 92.12 725.43 1.33 1.94 4.23 -12.26 2.43 -7.81 -4.71 3
Car 0 0 -10 0 0 0 0 1.87 2.14 5.05 7.9 1.79 -22.93 -1.6 0
Car 0 0 -10 0 0 0 0 1.56 2.21 4.86 -1.81 1.47 -69.76 -1.56 0
Car 0 0 -10 0 0 0 0 1.5 2.06 4.32 -8.53 1.61 -61.66 1.56 0
Car 0 0 -10 859.35 702.99 1025.14 844.43 1.53 1.89 4.23 -0.01 2.35 25.92 -1.57 0
Car 0 0 -10 0.0 727.47 246.63 847.6 1.97 2.15 5.12 -40.09 3.7 16.24 1.52 1
Pedestrian 0 0 -10 1333.61 652.28 1372.12 702.35 1.75 0.92 1.15 14.37 2.18 73.4 -0.06 0
Car 0 0 -10 0 0 0 0 1.69 2.22 4.57 -0.21 1.83 -27.0 -1.58 0
Car 0 0 -10 1053.66 681.32 1142.09 747.59 1.51 1.88 4.19 3.68 2.53 50.83 -1.57 0
Car 0 0 -10 0 0 0 0 1.94 1.99 3.67 -17.28 2.25 -45.39 -4.68 0
Car 0 0 -10 0 0 0 0 1.68 2.16 5.08 -23.09 2.18 -55.2 0.02 0
Car 0 0 -10 0 0 0 0 1.52 2.03 4.78 -0.08 1.3 -57.09 -1.58 0
Car 0 0 -10 0 0 0 0 1.46 2.07 4.66 -8.73 2.28 -10.48 -4.71 0
Car 0 0 -10 804.98 668.38 915.1 763.04 1.98 2.27 4.51 -1.95 2.61 46.21 -1.66 0
