Pedestrian 0 0 -10 1443.3 669.16 1488.01 741.16 1.76 1.05 0.95 12.9 2.47 51.59 -4.51 0
Car 0 0 -10 0 0 0 0 1.75 2.12 4.53 -17.15 2.26 -35.66 1.55 0
Car 0 0 -10 547.19 698.62 631.53 744.35 1.33 1.94 4.23 -11.25 3.22 66.36 1.56 0
Car 0 0 -10 0 0 0 0 1.84 2.34 5.02 -24.04 1.81 -64.96 0.05 0
Car 0 0 -10 459.35 686.64 1308.64 1122.83 1.87 2.14 5.05 8.2 2.19 9.02 -1.58 2
Car 0 0 -10 0 0 0 0 1.63 1.97 4.87 -17.07 1.66 -71.17 -4.71 0
Car 0 0 -10 0 0 0 0 1.7 1.94 3.99 -23.9 1.98 -61.16 0.03 0
Car 0 0 -10 835.68 769.56 1556.05 1109.08 1.5 2.06 4.32 -8.3 2.45 10.05 1.56 1
Car 0 0 -10 864.06 709.84 1027.31 850.35 1.53 1.89 4.23 0.03 2.46 26.31 -1.57 0
Car 0 0 -10 1119.52 709.25 1282.67 782.86 1.97 2.15 5.12 -39.51 4.2 48.65 1.53 1
Car 0 0 -10 0 0 0 0 1.69 2.22 4.57 -0.22 1.72 -28.69 -1.57 0
Car 0 0 -10 1077.23 691.35 1181.12 769.58 1.51 1.88 4.19 3.83 2.62 43.95 -1.56 0
Car 0 0 -10 0 0 0 0 1.94 1.99 3.67 -17.09 2.58 -13.09 -4.67 0
Car 0 0 -10 0 0 0 0 1.68 2.16 5.08 -22.95 2.48 -22.89 0.03 0
Car 0 0 -10 608.18 699.37 709.18 757.79 1.46 2.07 4.66 -7.85 3.14 57.62 -4.71 0
Car 0 0 -10 924.88 672.07 1025.01 760.46 1.98 2.27 4.51 0.65 2.75 49.53 -1.59 0
