Pedestrian 0 0 -10 0 0 0 0 1.01 0.93 1.32 -6.17 1.87 -14.35 -2.09 0
Pedestrian 0 0 -10 1388.47 671.29 1625.13 1031.32 1.78 0.8 0.85 -5.89 1.97 9.27 -1.49 1
Car 0 0 -10 697.77 670.06 780.2 738.27 2.14 2.26 4.64 -6.95 2.43 67.82 -1.59 0
Pedestrian 0 0 -10 0.0 708.52 224.21 1280.0 1.72 1.54 1.33 -6.37 1.97 1.94 -1.57 1
Car 0 0 -10 765.98 651.88 854.08 741.64 2.48 2.17 6.91 -4.15 2.25 61.09 -1.58 0
Car 0 0 -10 0 0 0 0 1.95 2.46 5.18 -3.69 1.94 -27.52 -1.56 0
Pedestrian 0 0 -10 320.62 679.09 454.59 861.33 1.81 0.97 1.22 -5.79 1.99 21.59 -1.52 0
Car 0 0 -10 378.31 701.54 484.29 754.12 1.44 2.0 4.42 -15.28 2.63 61.37 1.57 0
Car 0 0 -10 0 0 0 0 2.1 1.53 2.67 -4.24 2.03 -13.65 -4.68 0
Car 0 0 -10 0 0 0 0 1.71 2.06 4.72 -30.04 2.62 -53.73 -0.04 0
Car 0 0 -10 729.11 711.46 858.58 752.49 0.92 2.82 5.46 -4.05 2.25 53.79 -1.55 0
Car 0 0 -10 0 0 0 0 1.91 2.25 4.48 0.56 1.94 -47.27 -1.57 0
Car 0 0 -10 0 0 0 0 1.07 2.1 0.94 -4.53 2.03 -15.39 -1.53 0
