Car 0 0 -10 1841.46 620.17 1920.0 728.13 2.0 2.84 6.38 21.12 1.2 40.08 -3.16 0
Car 0 0 -10 493.1 231.91 645.75 287.15 1.68 1.99 4.5 65.63 1.92 13.39 1.52 4
Car 0 0 -10 0 0 0 0 1.89 2.35 4.59 -0.59 2.08 -26.14 -1.59 0
Car 0 0 -10 0 0 0 0 2.27 2.76 6.88 45.9 2.62 -30.15 0.0 0
Car 0 0 -10 1395.16 649.4 1600.11 729.5 2.16 2.27 5.34 54.37 1.83 31.96 1.5 2
Car 0 0 -10 517.11 617.18 884.47 743.77 1.87 2.65 5.75 21.41 1.42 27.29 -3.24 2
Car 0 0 -10 0 0 0 0 1.54 2.32 4.12 40.42 2.62 -29.85 0.16 0
Car 0 0 -10 1508.25 671.98 1734.92 737.19 1.46 2.33 4.98 49.09 1.71 25.3 -1.63 2
Car 0 0 -10 524.58 226.78 699.44 282.43 1.84 2.05 5.72 71.51 1.93 13.07 -1.61 4
Car 0 0 -10 1113.11 646.3 1283.82 704.68 1.86 2.44 5.47 56.96 1.5 45.13 1.55 2
Car 0 0 -10 1245.54 663.25 1446.42 727.57 1.53 2.22 4.73 46.12 1.66 31.61 1.52 2
Pedestrian 0 0 -10 1069.64 684.55 1122.71 749.98 1.57 1.12 1.42 3.5 2.08 51.54 1.5 0
Car 0 0 -10 1792.95 670.29 1920.0 728.61 1.73 2.03 4.51 68.37 1.83 26.33 -1.62 2
Car 0 0 -10 1779.8 636.48 1920.0 722.0 1.72 2.31 3.31 19.46 1.16 43.2 -0.07 0
Car 0 0 -10 444.7 241.16 623.73 295.15 1.5 2.13 4.78 60.33 1.99 13.37 -1.58 4
Car 0 0 -10 600.42 617.14 809.47 695.86 1.97 2.5 5.41 34.87 1.11 44.52 -1.67 2
Car 0 0 -10 324.01 620.75 428.97 706.49 1.89 0.85 2.14 24.4 1.34 43.23 -3.17 2
Car 0 0 -10 808.32 655.55 899.64 741.69 2.55 2.59 5.31 -3.19 2.29 64.95 -1.67 0
Car 0 0 -10 1519.14 658.51 1721.11 720.55 1.81 2.25 5.81 62.37 1.68 32.23 1.55 2
Car 0 0 -10 1416.54 255.55 1594.16 309.96 1.64 2.17 5.02 65.44 2.47 -16.27 1.49 4
Car 0 0 -10 0 0 0 0 1.95 2.35 5.09 63.51 2.75 -35.6 1.44 0
Car 0 0 -10 950.06 649.46 1131.54 701.96 1.5 2.43 5.37 48.38 1.36 44.64 1.51 2
Car 0 0 -10 1746.05 658.63 1913.58 728.59 1.95 2.01 4.37 62.71 1.72 25.47 -1.65 2
Car 0 0 -10 1572.97 653.83 1747.6 720.56 2.05 2.3 5.01 65.34 1.73 32.31 1.55 2
Car 0 0 -10 1288.01 647.77 1523.2 724.27 1.91 2.71 5.7 49.15 1.6 31.75 1.52 2
Car 0 0 -10 347.69 645.43 625.99 727.04 1.35 2.04 4.49 20.69 1.37 32.71 -3.14 2
Car 0 0 -10 865.86 703.31 1005.94 802.26 1.49 2.14 4.55 -0.4 2.22 36.04 -1.64 0
Car 0 0 -10 1762.84 675.5 1920.0 732.78 1.63 1.95 4.49 65.54 1.91 26.14 -1.65 2
Car 0 0 -10 753.44 637.0 960.86 705.58 1.81 2.53 5.82 40.4 1.4 44.51 1.51 2
Pedestrian 0 0 -10 1108.29 688.58 1163.15 761.39 1.58 1.04 1.24 4.05 2.13 46.54 1.51 0
Car 0 0 -10 0 0 0 0 2.0 2.47 4.98 0.21 2.27 -48.38 -1.63 0
Car 0 0 -10 1576.15 654.92 1792.6 732.23 1.94 2.27 5.2 54.57 1.71 26.26 -1.63 2
