Car 0 0 -10 1783.0 410.01 1920.0 886.0 1.69 2.07 3.92 3.63 2.26 -3.59 -1.57 4
Car 0 0 -10 215.26 787.02 1920.0 1280.0 1.73 2.03 4.5 3.52 2.24 3.03 -1.56 2
Car 0 0 -10 464.68 634.94 667.9 711.18 1.58 2.01 4.09 -8.52 1.31 44.94 -3.16 0
Car 0 0 -10 0 0 0 0 2.62 2.08 4.38 -20.54 3.15 -55.32 0.07 0
Car 0 0 -10 652.08 610.83 787.39 658.48 1.48 2.0 4.19 -7.73 0.28 67.04 -3.15 0
Car 0 0 -10 29.49 642.49 471.37 809.26 1.91 2.15 4.83 -8.72 1.87 25.39 -3.11 0
Car 0 0 -10 1193.27 682.5 1420.57 854.49 1.56 2.21 4.92 3.76 2.0 23.0 -1.45 0
Car 0 0 -10 0 0 0 0 1.51 2.16 4.54 -9.23 2.93 -36.41 -3.16 0
Car 0 0 -10 0 0 0 0 4.28 2.59 6.68 -0.93 2.95 -36.4 -1.42 0
Car 0 0 -10 560.56 609.31 750.4 675.42 1.77 2.54 4.98 -8.5 0.7 58.16 -3.13 0
Car 0 0 -10 500.18 612.2 706.89 693.53 1.87 2.02 4.64 -8.54 1.03 49.76 -3.13 0
Car 0 0 -10 0 0 0 0 2.14 2.2 5.11 3.64 2.59 -22.35 -1.57 0
Car 0 0 -10 0 0 0 0 1.62 1.97 4.32 0.6 3.56 -56.67 1.52 0
Car 0 0 -10 0 0 0 0 1.65 2.07 4.81 3.64 2.4 -9.58 -1.56 0
Car 0 0 -10 234.05 637.61 561.28 771.14 1.89 2.02 4.4 -8.38 1.75 30.89 -3.14 0
Car 0 0 -10 1105.03 643.44 1273.53 761.92 1.84 2.26 4.79 3.87 1.77 35.27 -1.58 0
Car 0 0 -10 0.0 701.81 87.16 990.99 1.63 2.1 4.11 -8.18 2.07 13.18 -3.17 0
Car 0 0 -10 0 0 0 0 1.73 2.09 4.89 3.52 2.5 -16.46 -1.56 0
Car 0 0 -10 1435.25 730.2 1920.0 1280.0 1.66 2.1 4.63 3.71 2.13 9.15 -1.57 0
Car 0 0 -10 0 0 0 0 1.64 2.15 5.06 3.43 2.75 -35.63 -1.56 0
Car 0 0 -10 0 0 0 0 1.59 2.08 4.57 3.2 3.57 -56.82 -1.57 0
Car 0 0 -10 476.98 579.53 771.44 685.49 2.6 2.85 7.3 -8.59 0.88 53.56 -0.05 0
Car 0 0 -10 1114.41 653.85 1372.74 783.19 1.56 2.75 6.38 3.91 1.67 29.6 -1.57 0
Car 0 0 -10 1251.64 659.26 1644.79 939.62 1.91 2.21 4.9 3.85 2.03 17.23 -1.53 0
Car 0 0 -10 0 0 0 0 1.64 2.0 4.59 3.46 2.65 -28.33 -1.6 0
Car 0 0 -10 0.0 725.01 452.5 1280.0 1.73 2.22 4.56 -8.29 2.22 2.21 -3.13 1
Car 0 0 -10 0.0 359.26 43.37 886.0 1.62 1.84 4.6 -9.38 2.52 -6.64 0.02 3
