Car 0 0 -10 459.9 724.49 605.95 840.97 1.69 2.07 3.92 19.51 3.23 29.99 -1.1 2
Car 0 0 -10 432.81 724.17 550.35 825.15 1.73 2.03 4.5 22.53 3.53 36.17 -1.08 2
Car 0 0 -10 458.06 91.5 811.2 324.3 2.62 2.08 4.38 -25.58 1.27 -4.6 0.55 3
Car 0 0 -10 1582.44 706.22 1757.32 777.52 1.91 2.15 4.83 21.9 3.8 61.62 -2.64 0
Car 0 0 -10 401.07 722.46 486.28 784.89 1.56 2.21 4.92 31.92 4.08 53.7 -0.97 2
Car 0 0 -10 694.3 729.36 1443.66 1239.94 1.51 2.16 4.54 -6.96 2.15 6.96 -2.68 1
Pedestrian 0 0 -10 0 0 0 0 1.6 0.85 0.75 20.57 4.58 -11.8 -2.55 0
Car 0 0 -10 190.42 0.0 850.82 490.9 4.28 2.59 6.68 -18.81 2.06 -4.19 0.42 3
Car 0 0 -10 575.65 704.57 962.67 1033.86 2.14 2.2 5.11 10.88 2.8 13.39 -1.09 2
Car 0 0 -10 892.04 253.12 1200.51 560.44 1.82 2.03 4.18 -15.25 2.17 0.15 -3.16 3
Car 0 0 -10 0 0 0 0 1.62 1.97 4.32 -7.35 2.27 -15.56 -4.29 0
Car 0 0 -10 484.05 736.15 669.03 881.63 1.65 2.07 4.81 16.71 3.16 24.61 -1.09 2
Car 0 0 -10 1634.59 705.71 1781.18 770.36 1.89 2.02 4.4 24.84 3.89 66.3 -2.66 0
Car 0 0 -10 392.29 711.0 465.79 770.31 1.84 2.26 4.79 37.66 4.4 64.58 -1.1 2
Car 0 0 -10 1528.45 717.01 1708.75 792.47 1.63 2.1 4.11 16.68 3.46 50.59 -2.7 0
Car 0 0 -10 516.42 734.62 764.75 934.87 1.73 2.09 4.89 13.53 2.93 18.73 -1.08 2
Car 0 0 -10 425.57 725.0 532.52 809.97 1.66 2.1 4.63 25.56 3.73 41.57 -1.09 2
Car 0 0 -10 0 0 0 0 1.87 2.16 4.59 -9.73 2.26 -14.09 -4.31 0
Car 0 0 -10 1046.9 843.39 1920.0 1280.0 1.64 2.15 5.06 4.76 2.4 1.79 -1.08 2
Car 0 0 -10 0 0 0 0 1.59 2.08 4.57 -5.18 2.35 -16.95 -1.09 0
Car 0 0 -10 392.93 707.8 490.53 765.3 1.56 2.75 6.38 35.16 3.86 59.53 -1.1 2
Car 0 0 -10 415.99 710.34 505.25 791.81 1.91 2.21 4.9 29.33 3.88 48.63 -1.06 2
Car 0 0 -10 666.67 769.9 1300.81 1232.16 1.64 2.0 4.59 7.84 2.54 8.01 -1.12 2
Car 0 0 -10 1402.2 708.31 1654.14 808.66 1.73 2.22 4.56 11.61 3.04 40.86 -2.65 0
Car 0 0 -10 1205.81 725.46 1510.78 843.88 1.62 1.84 4.6 6.63 2.98 33.35 0.49 0
Car 0 0 -10 0.0 381.05 47.81 573.61 2.24 2.02 4.26 -27.0 -0.72 7.35 -1.14 1
Car 0 0 -10 0 0 0 0 1.56 2.1 4.67 9.62 3.32 -29.54 -4.65 0
