Car 0 0 -10 665.92 734.26 1320.62 960.31 1.33 2.06 4.78 -11.44 2.04 11.41 -4.67 1
Cyclist 0 0 -10 1411.97 670.56 1499.83 783.25 1.58 0.8 1.75 7.29 1.9 30.26 -1.61 0
Car 0 0 -10 0 0 0 0 1.48 2.15 4.73 20.74 2.04 -42.38 -3.09 0
Car 0 0 -10 334.27 665.59 499.1 745.21 1.46 2.04 4.57 -10.78 1.83 42.07 -4.7 0
Car 0 0 -10 0 0 0 0 1.72 1.98 4.47 -24.23 2.33 -19.05 -3.23 0
Car 0 0 -10 1757.66 692.1 1896.7 757.26 1.48 1.8 4.25 21.85 2.6 51.77 -1.58 0
Car 0 0 -10 1056.04 651.71 1141.03 706.5 1.48 2.16 4.65 4.01 1.56 59.35 -1.56 0
Car 0 0 -10 73.4 643.97 299.09 724.13 1.79 2.18 4.53 -18.01 1.72 48.95 -3.18 0
Car 0 0 -10 0 0 0 0 1.32 1.78 4.25 -29.55 2.32 -19.75 -3.2 0
Car 0 0 -10 0 0 0 0 1.72 2.23 5.1 -27.66 2.5 -28.11 0.07 0
Car 0 0 -10 0 0 0 0 1.44 1.91 4.43 -16.82 2.46 -57.48 -1.61 0
Car 0 0 -10 41.72 635.47 294.78 724.84 1.89 2.3 4.81 -17.5 1.64 46.5 -3.17 0
Car 0 0 -10 0 0 0 0 1.87 2.17 4.93 3.55 2.64 -56.2 -1.56 0
Car 0 0 -10 1647.87 658.39 1803.2 732.97 1.72 2.1 4.89 18.92 1.96 51.0 -1.57 0
Car 0 0 -10 0 0 0 0 1.33 1.73 4.17 -47.73 2.42 -27.54 0.0 0
Car 0 0 -10 149.75 646.11 393.35 775.44 1.92 2.18 5.2 -11.0 1.9 34.06 -4.71 0
Car 0 0 -10 0 0 0 0 1.67 2.06 4.74 20.28 1.92 -39.49 -3.09 0
Car 0 0 -10 0 0 0 0 1.59 1.92 4.28 15.52 2.64 -48.57 -2.92 0
Pedestrian 0 0 -10 467.68 649.97 500.16 709.21 1.71 0.75 0.99 -13.81 1.75 60.94 1.51 0
Car 0 0 -10 0 0 0 0 1.43 1.84 4.73 -35.35 2.43 -19.95 -3.15 0
Car 0 0 -10 0.0 644.08 167.28 721.45 1.47 2.1 4.71 -18.54 1.41 42.66 -4.43 0
Car 0 0 -10 1194.07 689.74 1504.68 884.69 1.51 2.09 4.42 3.49 1.94 19.21 -1.57 0
Car 0 0 -10 473.11 646.11 591.74 716.49 1.71 2.09 4.53 -10.83 1.66 53.56 1.57 0
Car 0 0 -10 0 0 0 0 1.56 1.97 4.5 29.45 2.62 -70.15 -4.7 0
Car 0 0 -10 0 0 0 0 1.4 1.89 4.63 -33.33 2.53 -27.9 -0.03 0
Car 0 0 -10 1788.71 687.61 1920.0 783.06 1.49 1.92 4.44 16.35 2.2 35.83 -4.71 0
Car 0 0 -10 0 0 0 0 1.81 2.01 4.8 -7.77 2.38 -40.86 1.53 0
Car 0 0 -10 1442.78 654.25 1570.66 728.49 1.74 1.99 4.47 13.62 1.87 51.53 -1.58 0
Car 0 0 -10 0.0 297.63 75.67 375.91 1.33 1.76 4.21 -40.97 2.46 -19.8 -3.18 3
