Cyclist 0 0 -10 0 0 0 0 1.58 0.8 1.75 5.24 2.43 -52.55 -1.53 0
Car 0 0 -10 0 0 0 0 2.15 2.1 5.28 -23.68 2.26 -18.81 -3.13 0
Car 0 0 -10 426.64 655.63 577.2 731.13 1.73 2.35 5.42 -11.13 1.9 51.48 -4.69 0
Car 0 0 -10 0 0 0 0 1.68 1.97 3.7 -11.27 2.19 -9.16 1.56 0
Pedestrian 0 0 -10 0 0 0 0 1.8 0.82 1.02 9.84 2.35 -52.26 -4.69 0
Car 0 0 -10 1062.47 664.5 1167.25 732.6 1.48 2.16 4.65 3.68 1.87 49.02 -1.56 0
Pedestrian 0 0 -10 0 0 0 0 1.71 0.8 0.92 9.18 2.33 -52.15 -4.68 0
Car 0 0 -10 0 0 0 0 2.04 2.5 5.54 -18.9 2.08 -40.72 -3.15 0
Car 0 0 -10 0 0 0 0 1.95 2.43 5.14 -18.07 2.08 -19.27 -3.01 0
Car 0 0 -10 428.3 695.47 697.4 799.6 1.31 2.14 4.63 -27.18 2.12 17.87 0.13 1
Car 0 0 -10 0 0 0 0 2.66 2.64 4.29 30.2 1.89 -33.76 -4.38 0
Car 0 0 -10 0 0 0 0 1.87 2.17 4.93 2.41 2.39 -54.74 -1.58 0
Pedestrian 0 0 -10 74.32 663.32 161.9 767.73 1.76 0.95 1.25 -14.52 2.0 36.16 -4.63 0
Car 0 0 -10 1036.76 655.55 1263.04 745.35 1.71 2.22 4.72 -28.03 1.77 32.73 -1.64 1
Car 0 0 -10 0.0 658.55 151.4 754.44 1.89 2.17 6.31 -47.86 2.33 18.11 -0.01 1
Cyclist 0 0 -10 57.4 682.89 135.77 766.73 1.37 0.77 1.25 -14.58 1.95 35.41 -4.65 0
Car 0 0 -10 916.09 671.98 1062.24 781.43 1.51 2.09 4.42 0.47 1.9 32.08 -1.57 0
Car 0 0 -10 0 0 0 0 1.71 2.09 4.53 -12.03 2.52 -67.44 1.57 0
Car 0 0 -10 543.15 664.12 766.92 764.17 1.86 2.05 4.76 -35.47 2.24 25.65 -3.16 1
Car 0 0 -10 0 0 0 0 2.87 0.9 3.13 30.42 1.32 -37.18 -1.83 0
Car 0 0 -10 0 0 0 0 1.86 2.3 5.34 -18.37 2.03 -33.44 -3.2 0
Pedestrian 0 0 -10 1087.36 697.67 1231.94 863.1 1.68 0.93 1.16 -14.5 2.16 16.84 -1.43 1
Car 0 0 -10 0 0 0 0 1.47 1.92 4.39 -18.74 2.01 -30.47 -3.19 0
Car 0 0 -10 610.13 646.97 1009.33 854.06 2.23 2.33 5.64 -20.24 2.24 16.72 0.17 1
Car 0 0 -10 0 0 0 0 1.9 2.24 5.14 -11.46 2.23 -14.78 -4.7 0
