Car 0 0 -10 356.5 715.5 504.47 821.26 1.59 2.02 3.8 -8.73 2.76 35.19 -1.92 0
Car 0 0 -10 1192.81 216.01 1433.87 353.76 1.83 2.25 4.98 30.45 1.31 -5.06 -3.24 4
Car 0 0 -10 1816.55 246.5 1920.0 381.45 1.53 1.59 3.72 25.43 1.38 -12.3 -0.1 4
Car 0 0 -10 0.0 705.13 128.61 872.98 2.04 2.67 5.8 -14.03 2.87 29.13 -2.37 0
Car 0 0 -10 959.14 724.13 1360.26 861.51 1.53 2.02 4.8 2.77 2.57 26.95 -2.54 0
Car 0 0 -10 0 0 0 0 1.93 2.19 4.91 0.84 1.62 -20.39 -1.61 0
Car 0 0 -10 1803.35 824.63 1920.0 1280.0 1.43 2.11 5.02 4.04 2.18 6.4 -1.12 0
Car 0 0 -10 0 0 0 0 1.6 1.88 4.74 -44.4 2.43 -25.68 1.38 0
Car 0 0 -10 0 0 0 0 1.6 1.87 4.41 -48.65 2.45 -28.29 1.38 0
Car 0 0 -10 644.54 286.43 799.04 343.27 1.74 2.19 4.78 -67.15 3.16 -7.81 -1.77 3
Car 0 0 -10 0 0 0 0 1.88 2.23 4.59 -1.72 1.56 -20.63 -1.65 0
Car 0 0 -10 718.92 232.61 1198.26 447.0 1.79 1.86 4.07 18.99 1.63 0.04 1.35 4
Car 0 0 -10 1814.88 686.93 1920.0 820.03 1.62 2.07 4.37 13.97 2.15 27.24 -0.44 0
Car 0 0 -10 0.64 700.89 296.84 846.4 2.0 2.5 4.82 -12.37 2.83 32.1 -2.39 0
Car 0 0 -10 0.0 723.41 153.83 922.67 1.86 1.99 4.77 -11.27 2.73 22.58 -4.14 0
Car 0 0 -10 0 0 0 0 1.76 2.1 4.38 -6.4 1.63 -21.36 1.51 0
Car 0 0 -10 524.36 705.46 693.57 821.02 1.76 2.18 4.17 -5.75 2.76 35.37 -1.89 0
Car 0 0 -10 1487.23 673.07 1890.89 873.45 2.08 2.16 5.09 8.77 2.37 23.96 -0.68 0
Car 0 0 -10 0 0 0 0 1.86 2.06 5.05 -9.17 1.84 -21.12 1.46 0
Car 0 0 -10 572.35 689.18 934.5 835.96 1.51 1.96 4.63 15.85 1.96 18.72 -0.26 2
