Car 0 0 -10 0 0 0 0 1.59 1.78 4.34 -9.85 1.43 -61.22 -3.18 0
Car 0 0 -10 1053.39 308.33 1191.96 387.6 1.59 2.02 3.8 -47.24 3.23 3.56 -3.39 3
Car 0 0 -10 696.52 689.98 841.23 798.3 1.83 2.25 4.98 -3.15 2.62 38.41 -4.71 0
Car 0 0 -10 1109.6 701.7 1237.01 808.53 1.53 1.59 3.72 3.57 2.39 32.66 -1.57 0
Car 0 0 -10 711.48 290.09 991.79 407.92 2.04 2.67 5.8 -41.77 3.09 -2.37 -3.84 3
Car 0 0 -10 0.0 747.27 169.6 842.24 1.53 2.02 4.8 -37.9 3.31 14.12 -4.01 1
Car 0 0 -10 0 0 0 0 2.3 2.2 5.66 7.32 0.4 -75.06 -1.79 0
Car 0 0 -10 657.8 631.85 1546.32 1071.62 1.93 2.19 4.91 9.01 1.85 7.39 -3.08 2
Car 0 0 -10 587.95 759.61 851.71 945.7 1.43 2.11 5.02 -17.31 2.74 13.39 -2.59 1
Car 0 0 -10 0 0 0 0 1.6 1.88 4.74 9.63 1.09 -38.18 -0.09 0
Car 0 0 -10 0 0 0 0 1.6 1.87 4.41 11.79 0.94 -42.67 -0.09 0
Car 0 0 -10 0 0 0 0 1.74 2.19 4.78 -10.48 1.4 -58.98 -3.24 0
Car 0 0 -10 1046.48 607.11 1920.0 1140.96 1.88 2.23 4.59 8.97 1.71 4.79 -3.12 2
Car 0 0 -10 59.02 705.33 402.71 848.56 1.79 1.86 4.07 -9.41 2.56 27.6 -0.12 0
Car 0 0 -10 463.42 723.43 671.05 812.37 1.62 2.07 4.37 -37.08 3.32 25.26 -1.9 1
Car 0 0 -10 832.13 290.47 1067.67 396.31 2.0 2.5 4.82 -44.47 3.13 -0.37 -3.85 3
Car 0 0 -10 807.18 303.25 1077.93 431.57 1.86 1.99 4.77 -35.0 2.99 -0.32 0.68 3
Car 0 0 -10 599.18 217.71 1220.42 747.64 1.76 2.1 4.38 9.24 1.65 0.03 0.04 4
Car 0 0 -10 1174.27 304.01 1331.41 391.77 1.76 2.18 4.17 -47.11 3.33 6.5 -3.36 3
Car 0 0 -10 278.05 709.79 520.08 840.66 2.08 2.16 5.09 -34.27 3.29 19.77 -2.15 1
Car 0 0 -10 1234.93 210.38 1920.0 847.29 1.86 2.06 5.05 8.71 1.72 -2.6 -0.01 4
Car 0 0 -10 767.15 723.91 1005.48 819.67 1.51 1.96 4.63 -28.34 3.05 26.29 -1.73 1
