Car 0 0 -10 1318.03 643.36 1602.23 747.04 1.93 2.34 5.15 9.92 1.87 41.26 0.05 0
Car 0 0 -10 0 0 0 0 1.65 1.94 4.83 9.94 1.78 -29.23 0.01 0
Car 0 0 -10 0 0 0 0 1.57 1.88 4.31 -12.59 2.17 -18.89 -3.18 0
Car 0 0 -10 0 0 0 0 1.6 2.11 4.5 -0.73 2.13 -14.02 -1.57 0
Car 0 0 -10 0.0 703.49 7.48 860.62 1.51 2.03 4.71 -13.19 2.18 22.81 -3.14 0
Car 0 0 -10 340.49 693.03 574.44 831.77 1.62 2.03 4.51 -6.74 2.3 28.73 -4.7 0
Car 0 0 -10 616.35 684.19 730.87 753.57 1.45 2.03 4.58 -6.64 2.36 49.39 -4.71 0
Car 0 0 -10 0 0 0 0 1.49 1.9 4.16 14.44 1.65 -21.0 -3.06 0
Car 0 0 -10 1036.1 673.41 1117.59 730.58 1.5 2.09 4.92 3.46 2.28 60.68 -1.57 0
Car 0 0 -10 0 0 0 0 1.79 1.88 4.38 2.95 2.0 -60.55 -1.6 0
Car 0 0 -10 0.0 665.45 170.43 761.97 1.78 2.12 4.71 -18.36 2.15 41.42 -3.11 0
