Car 0 0 -10 0 0 0 0 1.93 2.34 5.15 9.86 2.03 -21.76 0.05 0
Car 0 0 -10 0 0 0 0 1.6 2.11 4.5 -0.95 2.22 -11.81 -1.59 0
Pedestrian 0 0 -10 1513.78 696.15 1648.72 888.45 1.58 0.87 0.92 5.36 2.01 17.81 1.56 0
Car 0 0 -10 387.78 597.57 642.66 706.18 2.93 2.56 6.84 -12.41 1.56 59.05 -3.28 0
Car 0 0 -10 0 0 0 0 1.51 2.03 4.71 -13.24 2.36 -40.18 -3.14 0
Car 0 0 -10 0 0 0 0 1.62 2.03 4.51 -6.85 2.43 -34.22 -4.7 0
Car 0 0 -10 248.03 632.8 457.62 711.88 1.82 2.09 4.67 -14.8 1.46 51.13 -2.72 0
Car 0 0 -10 49.77 629.7 260.76 713.2 1.9 2.28 4.95 -19.51 1.47 50.63 -2.6 0
Car 0 0 -10 652.08 644.79 766.22 722.25 1.88 2.34 5.2 -6.37 1.8 54.12 1.56 0
Car 0 0 -10 1610.28 612.79 1894.23 712.94 1.82 2.2 5.07 15.28 1.2 39.62 -0.4 0
Car 0 0 -10 0.0 718.6 271.14 925.21 1.42 1.99 4.26 -18.56 1.9 6.61 -3.55 1
Car 0 0 -10 1765.5 621.12 1920.0 726.72 1.7 2.01 4.33 16.18 1.27 35.34 0.37 0
Car 0 0 -10 0 0 0 0 1.45 2.03 4.58 -6.65 2.33 -13.65 -4.71 0
Car 0 0 -10 950.96 574.08 1920.0 886.0 1.5 2.09 4.92 3.34 2.23 -2.38 -1.57 4
Car 0 0 -10 1849.64 635.06 1920.0 841.1 1.73 1.99 4.59 10.67 1.65 18.26 -3.2 0
Car 0 0 -10 0 0 0 0 1.78 2.12 4.71 -18.3 2.11 -21.53 -3.11 0
Pedestrian 0 0 -10 1609.21 667.72 1778.58 894.79 1.8 1.03 1.02 6.07 1.97 17.06 1.56 0
Car 0 0 -10 256.02 827.75 1920.0 1280.0 1.59 2.02 4.54 3.46 2.17 2.69 -1.55 2
